2_0.9999400377_2_0.9999386072_100_15045_114.318.jpg 962 80 28 40 43
2_0.9999400377_2_0.9999386072_100_15045_114.318.jpg 1011 127 28 41 43
2_0.9999400377_2_0.9999386072_100_15045_114.318.jpg 224 25 104 30 36
2_0.9999400377_2_0.9999386072_100_15045_114.318.jpg 224 57 105 30 35
2_0.9999400377_2_0.9999386072_100_15045_114.318.jpg 224 90 105 29 35
2_0.9999400377_2_0.9999386072_100_15045_114.318.jpg 220 123 96 19 45
2_0.9999400377_2_0.9999386072_100_15045_114.318.jpg 194 158 105 22 23
2_0.9999400377_2_0.9999386072_100_15045_114.318.jpg 198 217 105 17 23
2_0.9999400377_2_0.9999386072_100_15045_114.318.jpg 853 35 157 45 46
2_0.9999400377_2_0.9999386072_100_15045_114.318.jpg 65 85 155 44 49
2_0.9999400377_2_0.9999386072_100_15045_114.318.jpg 254 133 159 46 43
2_0.9999400377_2_0.9999386072_100_15045_114.318.jpg 222 182 170 24 29
