2_0.9998521805_else_100_2017-04-13-19-48-18_s0-16301d90-203f-11e7-9b74-b32d98f18b62.jpg 6 89 26 41 45
2_0.9998521805_else_100_2017-04-13-19-48-18_s0-16301d90-203f-11e7-9b74-b32d98f18b62.jpg 21 132 26 46 46
2_0.9998521805_else_100_2017-04-13-19-48-18_s0-16301d90-203f-11e7-9b74-b32d98f18b62.jpg 203 54 98 22 25
2_0.9998521805_else_100_2017-04-13-19-48-18_s0-16301d90-203f-11e7-9b74-b32d98f18b62.jpg 203 80 99 21 24
2_0.9998521805_else_100_2017-04-13-19-48-18_s0-16301d90-203f-11e7-9b74-b32d98f18b62.jpg 203 107 101 19 23
2_0.9998521805_else_100_2017-04-13-19-48-18_s0-16301d90-203f-11e7-9b74-b32d98f18b62.jpg 213 127 99 36 25
2_0.9998521805_else_100_2017-04-13-19-48-18_s0-16301d90-203f-11e7-9b74-b32d98f18b62.jpg 193 169 92 21 32
2_0.9998521805_else_100_2017-04-13-19-48-18_s0-16301d90-203f-11e7-9b74-b32d98f18b62.jpg 198 196 91 22 33
2_0.9998521805_else_100_2017-04-13-19-48-18_s0-16301d90-203f-11e7-9b74-b32d98f18b62.jpg 3 58 149 36 40
2_0.9998521805_else_100_2017-04-13-19-48-18_s0-16301d90-203f-11e7-9b74-b32d98f18b62.jpg 65 100 148 38 41
2_0.9998521805_else_100_2017-04-13-19-48-18_s0-16301d90-203f-11e7-9b74-b32d98f18b62.jpg 23 143 150 36 39
2_0.9998521805_else_100_2017-04-13-19-48-18_s0-16301d90-203f-11e7-9b74-b32d98f18b62.jpg 24 183 149 41 40
