2_0.9997282624_else_100_2017-04-12-21-55-14_s0-a7373a70-1f87-11e7-9b74-b32d98f18b62.jpg 6 51 3 61 72
2_0.9997282624_else_100_2017-04-12-21-55-14_s0-a7373a70-1f87-11e7-9b74-b32d98f18b62.jpg 21 123 4 63 64
2_0.9997282624_else_100_2017-04-12-21-55-14_s0-a7373a70-1f87-11e7-9b74-b32d98f18b62.jpg 224 11 92 34 39
2_0.9997282624_else_100_2017-04-12-21-55-14_s0-a7373a70-1f87-11e7-9b74-b32d98f18b62.jpg 224 49 91 33 45
2_0.9997282624_else_100_2017-04-12-21-55-14_s0-a7373a70-1f87-11e7-9b74-b32d98f18b62.jpg 224 88 93 31 38
2_0.9997282624_else_100_2017-04-12-21-55-14_s0-a7373a70-1f87-11e7-9b74-b32d98f18b62.jpg 211 125 78 31 54
2_0.9997282624_else_100_2017-04-12-21-55-14_s0-a7373a70-1f87-11e7-9b74-b32d98f18b62.jpg 193 160 79 38 55
2_0.9997282624_else_100_2017-04-12-21-55-14_s0-a7373a70-1f87-11e7-9b74-b32d98f18b62.jpg 196 208 80 36 55
2_0.9997282624_else_100_2017-04-12-21-55-14_s0-a7373a70-1f87-11e7-9b74-b32d98f18b62.jpg 3 32 150 59 59
2_0.9997282624_else_100_2017-04-12-21-55-14_s0-a7373a70-1f87-11e7-9b74-b32d98f18b62.jpg 23 97 151 60 57
2_0.9997282624_else_100_2017-04-12-21-55-14_s0-a7373a70-1f87-11e7-9b74-b32d98f18b62.jpg 24 161 148 57 61
