2_0.9999111891_else_100_2017-04-13-20-35-52_s0-bb71a930-2045-11e7-9b74-b32d98f18b62.jpg 118 74 14 56 61
2_0.9999111891_else_100_2017-04-13-20-35-52_s0-bb71a930-2045-11e7-9b74-b32d98f18b62.jpg 22 135 12 54 61
2_0.9999111891_else_100_2017-04-13-20-35-52_s0-bb71a930-2045-11e7-9b74-b32d98f18b62.jpg 203 37 94 29 34
2_0.9999111891_else_100_2017-04-13-20-35-52_s0-bb71a930-2045-11e7-9b74-b32d98f18b62.jpg 213 67 98 42 31
2_0.9999111891_else_100_2017-04-13-20-35-52_s0-bb71a930-2045-11e7-9b74-b32d98f18b62.jpg 196 113 91 26 39
2_0.9999111891_else_100_2017-04-13-20-35-52_s0-bb71a930-2045-11e7-9b74-b32d98f18b62.jpg 190 144 94 23 35
2_0.9999111891_else_100_2017-04-13-20-35-52_s0-bb71a930-2045-11e7-9b74-b32d98f18b62.jpg 199 173 92 22 38
2_0.9999111891_else_100_2017-04-13-20-35-52_s0-bb71a930-2045-11e7-9b74-b32d98f18b62.jpg 191 203 95 14 33
2_0.9999111891_else_100_2017-04-13-20-35-52_s0-bb71a930-2045-11e7-9b74-b32d98f18b62.jpg 67 53 139 41 40
2_0.9999111891_else_100_2017-04-13-20-35-52_s0-bb71a930-2045-11e7-9b74-b32d98f18b62.jpg 2 96 140 39 38
2_0.9999111891_else_100_2017-04-13-20-35-52_s0-bb71a930-2045-11e7-9b74-b32d98f18b62.jpg 68 136 138 40 42
2_0.9999111891_else_100_2017-04-13-20-35-52_s0-bb71a930-2045-11e7-9b74-b32d98f18b62.jpg 69 178 139 39 42
2_0.9999111891_else_100_2017-04-13-20-35-52_s0-bb71a930-2045-11e7-9b74-b32d98f18b62.jpg 23 129 185 48 42
