2_0.9998809099_100.0_10995_64.5949999999.jpg 3 31 28 56 58
2_0.9998809099_100.0_10995_64.5949999999.jpg 23 93 28 58 60
2_0.9998809099_100.0_10995_64.5949999999.jpg 24 159 27 57 62
2_0.9998809099_100.0_10995_64.5949999999.jpg 205 26 108 30 32
2_0.9998809099_100.0_10995_64.5949999999.jpg 205 57 108 29 30
2_0.9998809099_100.0_10995_64.5949999999.jpg 208 91 95 27 46
2_0.9998809099_100.0_10995_64.5949999999.jpg 195 127 97 25 43
2_0.9998809099_100.0_10995_64.5949999999.jpg 194 158 98 31 41
2_0.9998809099_100.0_10995_64.5949999999.jpg 197 195 98 28 41
2_0.9998809099_100.0_10995_64.5949999999.jpg 6 44 147 48 48
2_0.9998809099_100.0_10995_64.5949999999.jpg 21 97 146 47 51
2_0.9998809099_100.0_10995_64.5949999999.jpg 104 147 144 51 50
