2_0.9998639822_else_100_2017-04-07-10-54-53_s0-93174420-1b3d-11e7-99b8-e5eb742051a5.jpg 107 21 151 51 59
2_0.9998639822_else_100_2017-04-07-10-54-53_s0-93174420-1b3d-11e7-99b8-e5eb742051a5.jpg 108 74 152 54 57
2_0.9998639822_else_100_2017-04-07-10-54-53_s0-93174420-1b3d-11e7-99b8-e5eb742051a5.jpg 147 129 153 52 56
2_0.9998639822_else_100_2017-04-07-10-54-53_s0-93174420-1b3d-11e7-99b8-e5eb742051a5.jpg 106 180 154 53 57
2_0.9998639822_else_100_2017-04-07-10-54-53_s0-93174420-1b3d-11e7-99b8-e5eb742051a5.jpg 113 163 43 42 52
2_0.9998639822_else_100_2017-04-07-10-54-53_s0-93174420-1b3d-11e7-99b8-e5eb742051a5.jpg 23 49 42 42 52
2_0.9998639822_else_100_2017-04-07-10-54-53_s0-93174420-1b3d-11e7-99b8-e5eb742051a5.jpg 540 81 44 44 53
2_0.9998639822_else_100_2017-04-07-10-54-53_s0-93174420-1b3d-11e7-99b8-e5eb742051a5.jpg 112 120 43 42 54
2_0.9998639822_else_100_2017-04-07-10-54-53_s0-93174420-1b3d-11e7-99b8-e5eb742051a5.jpg 242 187 97 45 46
2_0.9998639822_else_100_2017-04-07-10-54-53_s0-93174420-1b3d-11e7-99b8-e5eb742051a5.jpg 251 36 98 55 46
