2_0.9998596907_else_100_2017-04-07-05-18-02_s0-84acf8f0-1b0e-11e7-a563-a3394c8f07a8.jpg 6 63 10 49 51
2_0.9998596907_else_100_2017-04-07-05-18-02_s0-84acf8f0-1b0e-11e7-a563-a3394c8f07a8.jpg 22 139 8 47 50
2_0.9998596907_else_100_2017-04-07-05-18-02_s0-84acf8f0-1b0e-11e7-a563-a3394c8f07a8.jpg 214 29 115 33 37
2_0.9998596907_else_100_2017-04-07-05-18-02_s0-84acf8f0-1b0e-11e7-a563-a3394c8f07a8.jpg 209 67 102 14 50
2_0.9998596907_else_100_2017-04-07-05-18-02_s0-84acf8f0-1b0e-11e7-a563-a3394c8f07a8.jpg 222 82 117 28 36
2_0.9998596907_else_100_2017-04-07-05-18-02_s0-84acf8f0-1b0e-11e7-a563-a3394c8f07a8.jpg 195 117 103 29 47
2_0.9998596907_else_100_2017-04-07-05-18-02_s0-84acf8f0-1b0e-11e7-a563-a3394c8f07a8.jpg 198 153 104 29 48
2_0.9998596907_else_100_2017-04-07-05-18-02_s0-84acf8f0-1b0e-11e7-a563-a3394c8f07a8.jpg 199 191 103 29 48
2_0.9998596907_else_100_2017-04-07-05-18-02_s0-84acf8f0-1b0e-11e7-a563-a3394c8f07a8.jpg 3 69 209 42 41
2_0.9998596907_else_100_2017-04-07-05-18-02_s0-84acf8f0-1b0e-11e7-a563-a3394c8f07a8.jpg 8 114 210 38 39
