2_0.9995684028_121.0_3554_63.567.jpg 6 57 25 56 62
2_0.9995684028_121.0_3554_63.567.jpg 22 119 30 55 56
2_0.9995684028_121.0_3554_63.567.jpg 201 54 94 17 22
2_0.9995684028_121.0_3554_63.567.jpg 201 76 91 16 22
2_0.9995684028_121.0_3554_63.567.jpg 201 113 95 19 19
2_0.9995684028_121.0_3554_63.567.jpg 222 94 91 20 23
2_0.9995684028_121.0_3554_63.567.jpg 193 136 86 19 28
2_0.9995684028_121.0_3554_63.567.jpg 196 158 88 22 26
2_0.9995684028_121.0_3554_63.567.jpg 32 67 121 48 48
2_0.9995684028_121.0_3554_63.567.jpg 2 122 120 48 49
2_0.9995684028_121.0_3554_63.567.jpg 2 122 120 48 49
