2_0.9999829531_else_100_2017-04-07-16-59-05_s0-74126860-1b70-11e7-b239-3566cdd6bf96.jpg 110 153 161 55 56
2_0.9999829531_else_100_2017-04-07-16-59-05_s0-74126860-1b70-11e7-b239-3566cdd6bf96.jpg 3 43 4 58 57
2_0.9999829531_else_100_2017-04-07-16-59-05_s0-74126860-1b70-11e7-b239-3566cdd6bf96.jpg 24 150 4 60 58
2_0.9999829531_else_100_2017-04-07-16-59-05_s0-74126860-1b70-11e7-b239-3566cdd6bf96.jpg 23 98 4 56 58
2_0.9999829531_else_100_2017-04-07-16-59-05_s0-74126860-1b70-11e7-b239-3566cdd6bf96.jpg 102 97 159 55 57
2_0.9999829531_else_100_2017-04-07-16-59-05_s0-74126860-1b70-11e7-b239-3566cdd6bf96.jpg 101 40 160 57 59
2_0.9999829531_else_100_2017-04-07-16-59-05_s0-74126860-1b70-11e7-b239-3566cdd6bf96.jpg 198 182 90 50 51
2_0.9999829531_else_100_2017-04-07-16-59-05_s0-74126860-1b70-11e7-b239-3566cdd6bf96.jpg 203 24 85 65 56
2_0.9999829531_else_100_2017-04-07-16-59-05_s0-74126860-1b70-11e7-b239-3566cdd6bf96.jpg 195 101 88 52 50
2_0.9999829531_else_100_2017-04-07-16-59-05_s0-74126860-1b70-11e7-b239-3566cdd6bf96.jpg 198 156 85 58 57
