2_0.9998654127_else_100_2017-04-07-20-26-48_s0-788329d0-1b8d-11e7-9b74-b32d98f18b62.jpg 104 172 142 52 53
2_0.9998654127_else_100_2017-04-07-20-26-48_s0-788329d0-1b8d-11e7-9b74-b32d98f18b62.jpg 3 13 22 71 64
2_0.9998654127_else_100_2017-04-07-20-26-48_s0-788329d0-1b8d-11e7-9b74-b32d98f18b62.jpg 6 74 140 51 54
2_0.9998654127_else_100_2017-04-07-20-26-48_s0-788329d0-1b8d-11e7-9b74-b32d98f18b62.jpg 23 84 18 67 67
2_0.9998654127_else_100_2017-04-07-20-26-48_s0-788329d0-1b8d-11e7-9b74-b32d98f18b62.jpg 21 125 142 48 54
2_0.9998654127_else_100_2017-04-07-20-26-48_s0-788329d0-1b8d-11e7-9b74-b32d98f18b62.jpg 103 24 142 51 54
2_0.9998654127_else_100_2017-04-07-20-26-48_s0-788329d0-1b8d-11e7-9b74-b32d98f18b62.jpg 24 152 20 71 69
2_0.9998654127_else_100_2017-04-07-20-26-48_s0-788329d0-1b8d-11e7-9b74-b32d98f18b62.jpg 194 159 87 68 58
2_0.9998654127_else_100_2017-04-07-20-26-48_s0-788329d0-1b8d-11e7-9b74-b32d98f18b62.jpg 205 13 87 71 57
2_0.9998654127_else_100_2017-04-07-20-26-48_s0-788329d0-1b8d-11e7-9b74-b32d98f18b62.jpg 823 105 85 50 56
