2_0.9999809265_else_100_2017-04-07-22-32-54_s0-160f2210-1b9f-11e7-a563-a3394c8f07a8.jpg 3 64 22 55 51
2_0.9999809265_else_100_2017-04-07-22-32-54_s0-160f2210-1b9f-11e7-a563-a3394c8f07a8.jpg 23 138 24 56 48
2_0.9999809265_else_100_2017-04-07-22-32-54_s0-160f2210-1b9f-11e7-a563-a3394c8f07a8.jpg 237 42 90 28 33
2_0.9999809265_else_100_2017-04-07-22-32-54_s0-160f2210-1b9f-11e7-a563-a3394c8f07a8.jpg 237 185 88 28 35
2_0.9999809265_else_100_2017-04-07-22-32-54_s0-160f2210-1b9f-11e7-a563-a3394c8f07a8.jpg 195 74 89 21 34
2_0.9999809265_else_100_2017-04-07-22-32-54_s0-160f2210-1b9f-11e7-a563-a3394c8f07a8.jpg 195 102 90 23 33
2_0.9999809265_else_100_2017-04-07-22-32-54_s0-160f2210-1b9f-11e7-a563-a3394c8f07a8.jpg 195 131 89 22 35
2_0.9999809265_else_100_2017-04-07-22-32-54_s0-160f2210-1b9f-11e7-a563-a3394c8f07a8.jpg 193 156 90 26 33
2_0.9999809265_else_100_2017-04-07-22-32-54_s0-160f2210-1b9f-11e7-a563-a3394c8f07a8.jpg 6 51 143 64 47
2_0.9999809265_else_100_2017-04-07-22-32-54_s0-160f2210-1b9f-11e7-a563-a3394c8f07a8.jpg 21 137 143 62 47
