2_0.9998716116_else_100_2017-04-07-06-08-19_s0-8a7731e0-1b15-11e7-a563-a3394c8f07a8.jpg 3 14 42 71 73
2_0.9998716116_else_100_2017-04-07-06-08-19_s0-8a7731e0-1b15-11e7-a563-a3394c8f07a8.jpg 23 93 45 69 68
2_0.9998716116_else_100_2017-04-07-06-08-19_s0-8a7731e0-1b15-11e7-a563-a3394c8f07a8.jpg 24 167 41 71 75
2_0.9998716116_else_100_2017-04-07-06-08-19_s0-8a7731e0-1b15-11e7-a563-a3394c8f07a8.jpg 224 30 127 31 30
2_0.9998716116_else_100_2017-04-07-06-08-19_s0-8a7731e0-1b15-11e7-a563-a3394c8f07a8.jpg 224 59 126 30 31
2_0.9998716116_else_100_2017-04-07-06-08-19_s0-8a7731e0-1b15-11e7-a563-a3394c8f07a8.jpg 208 94 116 29 42
2_0.9998716116_else_100_2017-04-07-06-08-19_s0-8a7731e0-1b15-11e7-a563-a3394c8f07a8.jpg 194 128 120 36 39
2_0.9998716116_else_100_2017-04-07-06-08-19_s0-8a7731e0-1b15-11e7-a563-a3394c8f07a8.jpg 194 166 118 34 43
2_0.9998716116_else_100_2017-04-07-06-08-19_s0-8a7731e0-1b15-11e7-a563-a3394c8f07a8.jpg 191 201 114 19 46
2_0.9998716116_else_100_2017-04-07-06-08-19_s0-8a7731e0-1b15-11e7-a563-a3394c8f07a8.jpg 91 28 165 22 24
2_0.9998716116_else_100_2017-04-07-06-08-19_s0-8a7731e0-1b15-11e7-a563-a3394c8f07a8.jpg 91 52 169 21 21
2_0.9998716116_else_100_2017-04-07-06-08-19_s0-8a7731e0-1b15-11e7-a563-a3394c8f07a8.jpg 25 74 165 22 23
2_0.9998716116_else_100_2017-04-07-06-08-19_s0-8a7731e0-1b15-11e7-a563-a3394c8f07a8.jpg 25 181 166 25 22
2_0.9998716116_else_100_2017-04-07-06-08-19_s0-8a7731e0-1b15-11e7-a563-a3394c8f07a8.jpg 25 60 190 32 32
2_0.9998716116_else_100_2017-04-07-06-08-19_s0-8a7731e0-1b15-11e7-a563-a3394c8f07a8.jpg 26 98 165 24 26
2_0.9998716116_else_100_2017-04-07-06-08-19_s0-8a7731e0-1b15-11e7-a563-a3394c8f07a8.jpg 26 206 163 23 27
2_0.9998716116_else_100_2017-04-07-06-08-19_s0-8a7731e0-1b15-11e7-a563-a3394c8f07a8.jpg 26 92 192 34 30
2_0.9998716116_else_100_2017-04-07-06-08-19_s0-8a7731e0-1b15-11e7-a563-a3394c8f07a8.jpg 6 123 190 35 33
2_0.9998716116_else_100_2017-04-07-06-08-19_s0-8a7731e0-1b15-11e7-a563-a3394c8f07a8.jpg 21 156 190 35 33
