2_0.9996378422_1763.75807691_531_64.194.jpg 3 13 31 65 63
2_0.9996378422_1763.75807691_531_64.194.jpg 23 81 31 69 65
2_0.9996378422_1763.75807691_531_64.194.jpg 24 155 29 62 66
2_0.9996378422_1763.75807691_531_64.194.jpg 205 11 109 33 36
2_0.9996378422_1763.75807691_531_64.194.jpg 205 49 110 30 36
2_0.9996378422_1763.75807691_531_64.194.jpg 208 86 99 28 48
2_0.9996378422_1763.75807691_531_64.194.jpg 195 121 101 34 44
2_0.9996378422_1763.75807691_531_64.194.jpg 194 161 97 32 49
2_0.9996378422_1763.75807691_531_64.194.jpg 197 196 99 33 47
2_0.9996378422_1763.75807691_531_64.194.jpg 103 29 151 43 47
2_0.9996378422_1763.75807691_531_64.194.jpg 6 76 148 48 50
2_0.9996378422_1763.75807691_531_64.194.jpg 21 131 151 42 49
2_0.9996378422_1763.75807691_531_64.194.jpg 104 175 150 48 47
