2_0.9995846152_else_100.0_2017-04-05-22-35-02_s0-0da650f0-1a0d-11e7-b239-3566cdd6bf96.jpg 30 173 184 45 46
2_0.9995846152_else_100.0_2017-04-05-22-35-02_s0-0da650f0-1a0d-11e7-b239-3566cdd6bf96.jpg 59 190 137 47 46
2_0.9995846152_else_100.0_2017-04-05-22-35-02_s0-0da650f0-1a0d-11e7-b239-3566cdd6bf96.jpg 3 48 26 51 48
2_0.9995846152_else_100.0_2017-04-05-22-35-02_s0-0da650f0-1a0d-11e7-b239-3566cdd6bf96.jpg 23 100 25 49 47
2_0.9995846152_else_100.0_2017-04-05-22-35-02_s0-0da650f0-1a0d-11e7-b239-3566cdd6bf96.jpg 24 149 27 49 48
2_0.9995846152_else_100.0_2017-04-05-22-35-02_s0-0da650f0-1a0d-11e7-b239-3566cdd6bf96.jpg 2 79 185 47 44
2_0.9995846152_else_100.0_2017-04-05-22-35-02_s0-0da650f0-1a0d-11e7-b239-3566cdd6bf96.jpg 57 103 136 46 46
2_0.9995846152_else_100.0_2017-04-05-22-35-02_s0-0da650f0-1a0d-11e7-b239-3566cdd6bf96.jpg 29 130 183 42 47
2_0.9995846152_else_100.0_2017-04-05-22-35-02_s0-0da650f0-1a0d-11e7-b239-3566cdd6bf96.jpg 823 199 80 46 46
2_0.9995846152_else_100.0_2017-04-05-22-35-02_s0-0da650f0-1a0d-11e7-b239-3566cdd6bf96.jpg 40 35 186 48 45
2_0.9995846152_else_100.0_2017-04-05-22-35-02_s0-0da650f0-1a0d-11e7-b239-3566cdd6bf96.jpg 58 145 137 45 47
