2_0.9994010925_else_100.0_2017-04-05-22-24-16_s0-8c59d770-1a0b-11e7-99b8-e5eb742051a5.jpg 30 173 184 44 44
2_0.9994010925_else_100.0_2017-04-05-22-24-16_s0-8c59d770-1a0b-11e7-99b8-e5eb742051a5.jpg 3 47 27 52 49
2_0.9994010925_else_100.0_2017-04-05-22-24-16_s0-8c59d770-1a0b-11e7-99b8-e5eb742051a5.jpg 59 190 137 45 45
2_0.9994010925_else_100.0_2017-04-05-22-24-16_s0-8c59d770-1a0b-11e7-99b8-e5eb742051a5.jpg 24 147 28 48 48
2_0.9994010925_else_100.0_2017-04-05-22-24-16_s0-8c59d770-1a0b-11e7-99b8-e5eb742051a5.jpg 23 96 26 50 47
2_0.9994010925_else_100.0_2017-04-05-22-24-16_s0-8c59d770-1a0b-11e7-99b8-e5eb742051a5.jpg 2 79 183 47 45
2_0.9994010925_else_100.0_2017-04-05-22-24-16_s0-8c59d770-1a0b-11e7-99b8-e5eb742051a5.jpg 57 103 137 46 46
2_0.9994010925_else_100.0_2017-04-05-22-24-16_s0-8c59d770-1a0b-11e7-99b8-e5eb742051a5.jpg 40 35 185 47 45
2_0.9994010925_else_100.0_2017-04-05-22-24-16_s0-8c59d770-1a0b-11e7-99b8-e5eb742051a5.jpg 29 131 183 41 47
2_0.9994010925_else_100.0_2017-04-05-22-24-16_s0-8c59d770-1a0b-11e7-99b8-e5eb742051a5.jpg 823 198 79 46 46
2_0.9994010925_else_100.0_2017-04-05-22-24-16_s0-8c59d770-1a0b-11e7-99b8-e5eb742051a5.jpg 58 145 138 43 46
