2_0.9997305274_else_100.0_2017-04-05-21-59-34_s0-1966d680-1a08-11e7-a563-a3394c8f07a8.jpg 30 174 177 42 44
2_0.9997305274_else_100.0_2017-04-05-21-59-34_s0-1966d680-1a08-11e7-a563-a3394c8f07a8.jpg 59 190 131 44 43
2_0.9997305274_else_100.0_2017-04-05-21-59-34_s0-1966d680-1a08-11e7-a563-a3394c8f07a8.jpg 3 52 22 49 48
2_0.9997305274_else_100.0_2017-04-05-21-59-34_s0-1966d680-1a08-11e7-a563-a3394c8f07a8.jpg 23 103 22 47 47
2_0.9997305274_else_100.0_2017-04-05-21-59-34_s0-1966d680-1a08-11e7-a563-a3394c8f07a8.jpg 2 81 178 46 43
2_0.9997305274_else_100.0_2017-04-05-21-59-34_s0-1966d680-1a08-11e7-a563-a3394c8f07a8.jpg 24 151 25 46 45
2_0.9997305274_else_100.0_2017-04-05-21-59-34_s0-1966d680-1a08-11e7-a563-a3394c8f07a8.jpg 57 105 131 44 46
2_0.9997305274_else_100.0_2017-04-05-21-59-34_s0-1966d680-1a08-11e7-a563-a3394c8f07a8.jpg 29 132 175 40 45
2_0.9997305274_else_100.0_2017-04-05-21-59-34_s0-1966d680-1a08-11e7-a563-a3394c8f07a8.jpg 823 199 74 43 43
2_0.9997305274_else_100.0_2017-04-05-21-59-34_s0-1966d680-1a08-11e7-a563-a3394c8f07a8.jpg 40 39 180 43 42
