2_0.9998654127_else_100.0_2017-04-05-23-26-25_s0-3b1269a0-1a14-11e7-99b8-e5eb742051a5.jpg 30 85 122 47 51
2_0.9998654127_else_100.0_2017-04-05-23-26-25_s0-3b1269a0-1a14-11e7-99b8-e5eb742051a5.jpg 3 49 11 49 48
2_0.9998654127_else_100.0_2017-04-05-23-26-25_s0-3b1269a0-1a14-11e7-99b8-e5eb742051a5.jpg 29 33 122 47 50
2_0.9998654127_else_100.0_2017-04-05-23-26-25_s0-3b1269a0-1a14-11e7-99b8-e5eb742051a5.jpg 39 182 181 43 43
2_0.9998654127_else_100.0_2017-04-05-23-26-25_s0-3b1269a0-1a14-11e7-99b8-e5eb742051a5.jpg 23 100 12 47 49
2_0.9998654127_else_100.0_2017-04-05-23-26-25_s0-3b1269a0-1a14-11e7-99b8-e5eb742051a5.jpg 24 146 12 49 48
2_0.9998654127_else_100.0_2017-04-05-23-26-25_s0-3b1269a0-1a14-11e7-99b8-e5eb742051a5.jpg 38 142 181 44 43
2_0.9998654127_else_100.0_2017-04-05-23-26-25_s0-3b1269a0-1a14-11e7-99b8-e5eb742051a5.jpg 37 69 181 42 43
2_0.9998654127_else_100.0_2017-04-05-23-26-25_s0-3b1269a0-1a14-11e7-99b8-e5eb742051a5.jpg 34 137 124 47 47
2_0.9998654127_else_100.0_2017-04-05-23-26-25_s0-3b1269a0-1a14-11e7-99b8-e5eb742051a5.jpg 199 167 70 50 44
