2_0.9999753237_else_100_2017-04-11-21-05-32_s0-8b0e7b40-1eb7-11e7-b239-3566cdd6bf96.jpg 53 165 22 58 56
2_0.9999753237_else_100_2017-04-11-21-05-32_s0-8b0e7b40-1eb7-11e7-b239-3566cdd6bf96.jpg 188 47 20 60 55
2_0.9999753237_else_100_2017-04-11-21-05-32_s0-8b0e7b40-1eb7-11e7-b239-3566cdd6bf96.jpg 33 52 168 56 56
2_0.9999753237_else_100_2017-04-11-21-05-32_s0-8b0e7b40-1eb7-11e7-b239-3566cdd6bf96.jpg 504 110 169 54 55
2_0.9999753237_else_100_2017-04-11-21-05-32_s0-8b0e7b40-1eb7-11e7-b239-3566cdd6bf96.jpg 52 108 19 57 54
2_0.9999753237_else_100_2017-04-11-21-05-32_s0-8b0e7b40-1eb7-11e7-b239-3566cdd6bf96.jpg 85 171 173 51 54
2_0.9999753237_else_100_2017-04-11-21-05-32_s0-8b0e7b40-1eb7-11e7-b239-3566cdd6bf96.jpg 250 100 98 57 50
2_0.9999753237_else_100_2017-04-11-21-05-32_s0-8b0e7b40-1eb7-11e7-b239-3566cdd6bf96.jpg 198 205 95 46 52
2_0.9999753237_else_100_2017-04-11-21-05-32_s0-8b0e7b40-1eb7-11e7-b239-3566cdd6bf96.jpg 743 154 95 50 49
2_0.9999753237_else_100_2017-04-11-21-05-32_s0-8b0e7b40-1eb7-11e7-b239-3566cdd6bf96.jpg 250 32 99 66 51
