2_0.9998067021_else_100_2017-04-07-13-32-00_s0-86250ca0-1b53-11e7-b239-3566cdd6bf96.jpg 6 53 41 61 63
2_0.9998067021_else_100_2017-04-07-13-32-00_s0-86250ca0-1b53-11e7-b239-3566cdd6bf96.jpg 21 133 42 57 62
2_0.9998067021_else_100_2017-04-07-13-32-00_s0-86250ca0-1b53-11e7-b239-3566cdd6bf96.jpg 237 30 116 33 42
2_0.9998067021_else_100_2017-04-07-13-32-00_s0-86250ca0-1b53-11e7-b239-3566cdd6bf96.jpg 211 197 113 28 45
2_0.9998067021_else_100_2017-04-07-13-32-00_s0-86250ca0-1b53-11e7-b239-3566cdd6bf96.jpg 197 67 114 28 44
2_0.9998067021_else_100_2017-04-07-13-32-00_s0-86250ca0-1b53-11e7-b239-3566cdd6bf96.jpg 192 99 114 30 44
2_0.9998067021_else_100_2017-04-07-13-32-00_s0-86250ca0-1b53-11e7-b239-3566cdd6bf96.jpg 192 164 115 24 43
2_0.9998067021_else_100_2017-04-07-13-32-00_s0-86250ca0-1b53-11e7-b239-3566cdd6bf96.jpg 191 136 115 19 42
2_0.9998067021_else_100_2017-04-07-13-32-00_s0-86250ca0-1b53-11e7-b239-3566cdd6bf96.jpg 3 40 167 72 57
2_0.9998067021_else_100_2017-04-07-13-32-00_s0-86250ca0-1b53-11e7-b239-3566cdd6bf96.jpg 23 135 165 75 61
