2_0.9998007417_else_100_2017-04-07-07-50-51_s0-dda7b390-1b23-11e7-a563-a3394c8f07a8.jpg 6 63 15 46 46
2_0.9998007417_else_100_2017-04-07-07-50-51_s0-dda7b390-1b23-11e7-a563-a3394c8f07a8.jpg 22 138 10 45 48
2_0.9998007417_else_100_2017-04-07-07-50-51_s0-dda7b390-1b23-11e7-a563-a3394c8f07a8.jpg 214 31 112 31 38
2_0.9998007417_else_100_2017-04-07-07-50-51_s0-dda7b390-1b23-11e7-a563-a3394c8f07a8.jpg 209 67 100 13 50
2_0.9998007417_else_100_2017-04-07-07-50-51_s0-dda7b390-1b23-11e7-a563-a3394c8f07a8.jpg 222 79 113 33 34
2_0.9998007417_else_100_2017-04-07-07-50-51_s0-dda7b390-1b23-11e7-a563-a3394c8f07a8.jpg 195 116 103 29 46
2_0.9998007417_else_100_2017-04-07-07-50-51_s0-dda7b390-1b23-11e7-a563-a3394c8f07a8.jpg 198 151 103 27 44
2_0.9998007417_else_100_2017-04-07-07-50-51_s0-dda7b390-1b23-11e7-a563-a3394c8f07a8.jpg 199 182 101 32 49
2_0.9998007417_else_100_2017-04-07-07-50-51_s0-dda7b390-1b23-11e7-a563-a3394c8f07a8.jpg 3 69 204 38 40
2_0.9998007417_else_100_2017-04-07-07-50-51_s0-dda7b390-1b23-11e7-a563-a3394c8f07a8.jpg 8 111 204 41 37
