2_0.9998762608_else_100_2017-04-12-03-39-22_s0-8fb960b0-1eee-11e7-b239-3566cdd6bf96.jpg 1073 59 24 58 55
2_0.9998762608_else_100_2017-04-12-03-39-22_s0-8fb960b0-1eee-11e7-b239-3566cdd6bf96.jpg 22 120 21 63 60
2_0.9998762608_else_100_2017-04-12-03-39-22_s0-8fb960b0-1eee-11e7-b239-3566cdd6bf96.jpg 203 38 107 27 31
2_0.9998762608_else_100_2017-04-12-03-39-22_s0-8fb960b0-1eee-11e7-b239-3566cdd6bf96.jpg 197 65 96 28 43
2_0.9998762608_else_100_2017-04-12-03-39-22_s0-8fb960b0-1eee-11e7-b239-3566cdd6bf96.jpg 198 98 94 26 45
2_0.9998762608_else_100_2017-04-12-03-39-22_s0-8fb960b0-1eee-11e7-b239-3566cdd6bf96.jpg 198 129 94 23 44
2_0.9998762608_else_100_2017-04-12-03-39-22_s0-8fb960b0-1eee-11e7-b239-3566cdd6bf96.jpg 201 154 109 29 29
2_0.9998762608_else_100_2017-04-12-03-39-22_s0-8fb960b0-1eee-11e7-b239-3566cdd6bf96.jpg 201 186 107 25 31
2_0.9998762608_else_100_2017-04-12-03-39-22_s0-8fb960b0-1eee-11e7-b239-3566cdd6bf96.jpg 3 68 163 54 56
2_0.9998762608_else_100_2017-04-12-03-39-22_s0-8fb960b0-1eee-11e7-b239-3566cdd6bf96.jpg 23 124 160 60 60
