2_0.9996635914_else_100_2017-04-04-13-36-51_s0-b45a6af0-18f8-11e7-99b8-e5eb742051a5.jpg 30 72 120 49 52
2_0.9996635914_else_100_2017-04-04-13-36-51_s0-b45a6af0-18f8-11e7-99b8-e5eb742051a5.jpg 23 88 9 48 49
2_0.9996635914_else_100_2017-04-04-13-36-51_s0-b45a6af0-18f8-11e7-99b8-e5eb742051a5.jpg 39 171 179 43 44
2_0.9996635914_else_100_2017-04-04-13-36-51_s0-b45a6af0-18f8-11e7-99b8-e5eb742051a5.jpg 3 38 7 49 49
2_0.9996635914_else_100_2017-04-04-13-36-51_s0-b45a6af0-18f8-11e7-99b8-e5eb742051a5.jpg 29 22 121 48 48
2_0.9996635914_else_100_2017-04-04-13-36-51_s0-b45a6af0-18f8-11e7-99b8-e5eb742051a5.jpg 24 136 10 48 48
2_0.9996635914_else_100_2017-04-04-13-36-51_s0-b45a6af0-18f8-11e7-99b8-e5eb742051a5.jpg 38 130 180 44 43
2_0.9996635914_else_100_2017-04-04-13-36-51_s0-b45a6af0-18f8-11e7-99b8-e5eb742051a5.jpg 34 126 121 49 50
2_0.9996635914_else_100_2017-04-04-13-36-51_s0-b45a6af0-18f8-11e7-99b8-e5eb742051a5.jpg 37 57 179 41 43
2_0.9996635914_else_100_2017-04-04-13-36-51_s0-b45a6af0-18f8-11e7-99b8-e5eb742051a5.jpg 228 172 122 43 47
2_0.9996635914_else_100_2017-04-04-13-36-51_s0-b45a6af0-18f8-11e7-99b8-e5eb742051a5.jpg 199 151 67 55 43
