2_0.9999703169_else_100.0_2017-04-05-23-34-55_s0-6b056300-1a15-11e7-a563-a3394c8f07a8.jpg 3 31 15 59 65
2_0.9999703169_else_100.0_2017-04-05-23-34-55_s0-6b056300-1a15-11e7-a563-a3394c8f07a8.jpg 23 97 18 64 59
2_0.9999703169_else_100.0_2017-04-05-23-34-55_s0-6b056300-1a15-11e7-a563-a3394c8f07a8.jpg 24 165 18 60 61
2_0.9999703169_else_100.0_2017-04-05-23-34-55_s0-6b056300-1a15-11e7-a563-a3394c8f07a8.jpg 203 23 104 30 37
2_0.9999703169_else_100.0_2017-04-05-23-34-55_s0-6b056300-1a15-11e7-a563-a3394c8f07a8.jpg 203 91 105 34 35
2_0.9999703169_else_100.0_2017-04-05-23-34-55_s0-6b056300-1a15-11e7-a563-a3394c8f07a8.jpg 222 59 103 30 38
2_0.9999703169_else_100.0_2017-04-05-23-34-55_s0-6b056300-1a15-11e7-a563-a3394c8f07a8.jpg 195 133 93 32 49
2_0.9999703169_else_100.0_2017-04-05-23-34-55_s0-6b056300-1a15-11e7-a563-a3394c8f07a8.jpg 197 170 92 32 51
2_0.9999703169_else_100.0_2017-04-05-23-34-55_s0-6b056300-1a15-11e7-a563-a3394c8f07a8.jpg 196 206 92 38 48
2_0.9999703169_else_100.0_2017-04-05-23-34-55_s0-6b056300-1a15-11e7-a563-a3394c8f07a8.jpg 124 7 156 56 58
2_0.9999703169_else_100.0_2017-04-05-23-34-55_s0-6b056300-1a15-11e7-a563-a3394c8f07a8.jpg 125 70 154 60 64
2_0.9999703169_else_100.0_2017-04-05-23-34-55_s0-6b056300-1a15-11e7-a563-a3394c8f07a8.jpg 1022 136 156 61 62
2_0.9999703169_else_100.0_2017-04-05-23-34-55_s0-6b056300-1a15-11e7-a563-a3394c8f07a8.jpg 846 204 159 51 57
