2_0.9999613762_100_13153_66.468.jpg 45 82 15 48 49
2_0.9999613762_100_13153_66.468.jpg 44 134 17 40 46
2_0.9999613762_100_13153_66.468.jpg 205 32 92 25 32
2_0.9999613762_100_13153_66.468.jpg 205 59 94 25 29
2_0.9999613762_100_13153_66.468.jpg 194 83 84 29 39
2_0.9999613762_100_13153_66.468.jpg 194 140 87 32 36
2_0.9999613762_100_13153_66.468.jpg 194 173 84 23 38
2_0.9999613762_100_13153_66.468.jpg 194 195 83 28 40
2_0.9999613762_100_13153_66.468.jpg 197 115 84 21 39
2_0.9999613762_100_13153_66.468.jpg 139 33 160 47 46
2_0.9999613762_100_13153_66.468.jpg 140 85 159 45 47
2_0.9999613762_100_13153_66.468.jpg 141 136 160 43 44
2_0.9999613762_100_13153_66.468.jpg 142 186 158 45 45
