2_0.9997010827_else_100_2017-04-07-19-48-42_s0-25aebbc0-1b88-11e7-b239-3566cdd6bf96.jpg 26 211 127 39 42
2_0.9997010827_else_100_2017-04-07-19-48-42_s0-25aebbc0-1b88-11e7-b239-3566cdd6bf96.jpg 3 1 122 36 43
2_0.9997010827_else_100_2017-04-07-19-48-42_s0-25aebbc0-1b88-11e7-b239-3566cdd6bf96.jpg 89 129 126 43 43
2_0.9997010827_else_100_2017-04-07-19-48-42_s0-25aebbc0-1b88-11e7-b239-3566cdd6bf96.jpg 2 162 13 43 40
2_0.9997010827_else_100_2017-04-07-19-48-42_s0-25aebbc0-1b88-11e7-b239-3566cdd6bf96.jpg 23 38 126 41 42
2_0.9997010827_else_100_2017-04-07-19-48-42_s0-25aebbc0-1b88-11e7-b239-3566cdd6bf96.jpg 6 40 12 47 42
2_0.9997010827_else_100_2017-04-07-19-48-42_s0-25aebbc0-1b88-11e7-b239-3566cdd6bf96.jpg 198 6 69 55 42
2_0.9997010827_else_100_2017-04-07-19-48-42_s0-25aebbc0-1b88-11e7-b239-3566cdd6bf96.jpg 25 173 123 40 41
2_0.9997010827_else_100_2017-04-07-19-48-42_s0-25aebbc0-1b88-11e7-b239-3566cdd6bf96.jpg 67 120 13 41 41
2_0.9997010827_else_100_2017-04-07-19-48-42_s0-25aebbc0-1b88-11e7-b239-3566cdd6bf96.jpg 196 199 74 44 38
