2_0.9996113181_else_100_2017-04-11-18-42-46_s0-99ab1c80-1ea3-11e7-99b8-e5eb742051a5.jpg 6 20 10 34 33
2_0.9996113181_else_100_2017-04-11-18-42-46_s0-99ab1c80-1ea3-11e7-99b8-e5eb742051a5.jpg 21 55 10 29 35
2_0.9996113181_else_100_2017-04-11-18-42-46_s0-99ab1c80-1ea3-11e7-99b8-e5eb742051a5.jpg 222 4 55 19 22
2_0.9996113181_else_100_2017-04-11-18-42-46_s0-99ab1c80-1ea3-11e7-99b8-e5eb742051a5.jpg 201 22 59 16 16
2_0.9996113181_else_100_2017-04-11-18-42-46_s0-99ab1c80-1ea3-11e7-99b8-e5eb742051a5.jpg 201 39 56 18 21
2_0.9996113181_else_100_2017-04-11-18-42-46_s0-99ab1c80-1ea3-11e7-99b8-e5eb742051a5.jpg 193 59 51 14 27
2_0.9996113181_else_100_2017-04-11-18-42-46_s0-99ab1c80-1ea3-11e7-99b8-e5eb742051a5.jpg 195 77 48 16 29
2_0.9996113181_else_100_2017-04-11-18-42-46_s0-99ab1c80-1ea3-11e7-99b8-e5eb742051a5.jpg 198 94 51 19 27
2_0.9996113181_else_100_2017-04-11-18-42-46_s0-99ab1c80-1ea3-11e7-99b8-e5eb742051a5.jpg 3 28 81 32 30
2_0.9996113181_else_100_2017-04-11-18-42-46_s0-99ab1c80-1ea3-11e7-99b8-e5eb742051a5.jpg 23 60 79 32 32
2_0.9996113181_else_100_2017-04-11-18-42-46_s0-99ab1c80-1ea3-11e7-99b8-e5eb742051a5.jpg 23 60 79 32 32
