2_0.9999494553_else_100.0_2017-04-05-23-19-31_s0-44c4d2e0-1a13-11e7-a563-a3394c8f07a8.jpg 51 81 37 47 44
2_0.9999494553_else_100.0_2017-04-05-23-19-31_s0-44c4d2e0-1a13-11e7-a563-a3394c8f07a8.jpg 21 132 35 44 47
2_0.9999494553_else_100.0_2017-04-05-23-19-31_s0-44c4d2e0-1a13-11e7-a563-a3394c8f07a8.jpg 224 42 95 25 33
2_0.9999494553_else_100.0_2017-04-05-23-19-31_s0-44c4d2e0-1a13-11e7-a563-a3394c8f07a8.jpg 224 72 95 26 34
2_0.9999494553_else_100.0_2017-04-05-23-19-31_s0-44c4d2e0-1a13-11e7-a563-a3394c8f07a8.jpg 224 102 96 26 32
2_0.9999494553_else_100.0_2017-04-05-23-19-31_s0-44c4d2e0-1a13-11e7-a563-a3394c8f07a8.jpg 203 132 96 27 32
2_0.9999494553_else_100.0_2017-04-05-23-19-31_s0-44c4d2e0-1a13-11e7-a563-a3394c8f07a8.jpg 194 164 85 33 44
2_0.9999494553_else_100.0_2017-04-05-23-19-31_s0-44c4d2e0-1a13-11e7-a563-a3394c8f07a8.jpg 194 202 87 31 42
2_0.9999494553_else_100.0_2017-04-05-23-19-31_s0-44c4d2e0-1a13-11e7-a563-a3394c8f07a8.jpg 3 56 142 49 51
2_0.9999494553_else_100.0_2017-04-05-23-19-31_s0-44c4d2e0-1a13-11e7-a563-a3394c8f07a8.jpg 23 108 142 52 51
2_0.9999494553_else_100.0_2017-04-05-23-19-31_s0-44c4d2e0-1a13-11e7-a563-a3394c8f07a8.jpg 24 162 141 52 53
