2_0.9999351501_else_100_2017-04-12-20-15-50_s0-c458b060-1f79-11e7-b239-3566cdd6bf96.jpg 118 70 19 56 60
2_0.9999351501_else_100_2017-04-12-20-15-50_s0-c458b060-1f79-11e7-b239-3566cdd6bf96.jpg 22 133 18 53 58
2_0.9999351501_else_100_2017-04-12-20-15-50_s0-c458b060-1f79-11e7-b239-3566cdd6bf96.jpg 203 30 103 27 31
2_0.9999351501_else_100_2017-04-12-20-15-50_s0-c458b060-1f79-11e7-b239-3566cdd6bf96.jpg 213 60 103 44 32
2_0.9999351501_else_100_2017-04-12-20-15-50_s0-c458b060-1f79-11e7-b239-3566cdd6bf96.jpg 193 109 95 28 42
2_0.9999351501_else_100_2017-04-12-20-15-50_s0-c458b060-1f79-11e7-b239-3566cdd6bf96.jpg 199 142 91 30 45
2_0.9999351501_else_100_2017-04-12-20-15-50_s0-c458b060-1f79-11e7-b239-3566cdd6bf96.jpg 190 178 93 27 45
2_0.9999351501_else_100_2017-04-12-20-15-50_s0-c458b060-1f79-11e7-b239-3566cdd6bf96.jpg 191 210 95 18 41
2_0.9999351501_else_100_2017-04-12-20-15-50_s0-c458b060-1f79-11e7-b239-3566cdd6bf96.jpg 23 118 154 62 59
2_0.9999351501_else_100_2017-04-12-20-15-50_s0-c458b060-1f79-11e7-b239-3566cdd6bf96.jpg 23 118 154 62 59
