2_0.9999467134_2_0.9999749660_99_11441_82.188.jpg 6 50 5 62 64
2_0.9999467134_2_0.9999749660_99_11441_82.188.jpg 22 151 11 61 60
2_0.9999467134_2_0.9999749660_99_11441_82.188.jpg 201 44 124 25 29
2_0.9999467134_2_0.9999749660_99_11441_82.188.jpg 206 72 109 17 44
2_0.9999467134_2_0.9999749660_99_11441_82.188.jpg 208 93 113 28 42
2_0.9999467134_2_0.9999749660_99_11441_82.188.jpg 191 128 114 22 40
2_0.9999467134_2_0.9999749660_99_11441_82.188.jpg 192 160 116 26 41
2_0.9999467134_2_0.9999749660_99_11441_82.188.jpg 198 191 117 27 40
2_0.9999467134_2_0.9999749660_99_11441_82.188.jpg 33 63 191 47 41
2_0.9999467134_2_0.9999749660_99_11441_82.188.jpg 23 142 192 47 42
