2_0.9999917746_2_0.9998896122_100_14321_86.6570000001.jpg 6 53 34 53 51
2_0.9999917746_2_0.9998896122_100_14321_86.6570000001.jpg 21 131 35 47 51
2_0.9999917746_2_0.9998896122_100_14321_86.6570000001.jpg 239 30 102 35 34
2_0.9999917746_2_0.9998896122_100_14321_86.6570000001.jpg 239 97 101 35 36
2_0.9999917746_2_0.9998896122_100_14321_86.6570000001.jpg 245 69 102 25 36
2_0.9999917746_2_0.9998896122_100_14321_86.6570000001.jpg 245 134 101 26 37
2_0.9999917746_2_0.9998896122_100_14321_86.6570000001.jpg 195 163 102 22 35
2_0.9999917746_2_0.9998896122_100_14321_86.6570000001.jpg 190 187 102 24 36
2_0.9999917746_2_0.9998896122_100_14321_86.6570000001.jpg 3 60 161 47 49
2_0.9999917746_2_0.9998896122_100_14321_86.6570000001.jpg 23 133 161 49 46
