2_0.9999986887_else_100_2017-04-04-13-07-13_s0-90625620-18f4-11e7-99b8-e5eb742051a5.jpg 6 14 48 56 58
2_0.9999986887_else_100_2017-04-04-13-07-13_s0-90625620-18f4-11e7-99b8-e5eb742051a5.jpg 22 74 49 55 55
2_0.9999986887_else_100_2017-04-04-13-07-13_s0-90625620-18f4-11e7-99b8-e5eb742051a5.jpg 23 132 49 56 56
2_0.9999986887_else_100_2017-04-04-13-07-13_s0-90625620-18f4-11e7-99b8-e5eb742051a5.jpg 24 190 50 57 56
2_0.9999986887_else_100_2017-04-04-13-07-13_s0-90625620-18f4-11e7-99b8-e5eb742051a5.jpg 242 9 138 36 49
2_0.9999986887_else_100_2017-04-04-13-07-13_s0-90625620-18f4-11e7-99b8-e5eb742051a5.jpg 237 50 137 38 49
2_0.9999986887_else_100_2017-04-04-13-07-13_s0-90625620-18f4-11e7-99b8-e5eb742051a5.jpg 199 92 137 37 49
2_0.9999986887_else_100_2017-04-04-13-07-13_s0-90625620-18f4-11e7-99b8-e5eb742051a5.jpg 191 134 138 23 46
2_0.9999986887_else_100_2017-04-04-13-07-13_s0-90625620-18f4-11e7-99b8-e5eb742051a5.jpg 200 166 137 36 49
2_0.9999986887_else_100_2017-04-04-13-07-13_s0-90625620-18f4-11e7-99b8-e5eb742051a5.jpg 195 209 137 36 49
