2_0.9999942780_5328.99994779_4895_64.3411.jpg 51 59 26 50 50
2_0.9999942780_5328.99994779_4895_64.3411.jpg 106 110 26 48 50
2_0.9999942780_5328.99994779_4895_64.3411.jpg 21 157 27 48 49
2_0.9999942780_5328.99994779_4895_64.3411.jpg 242 44 94 29 40
2_0.9999942780_5328.99994779_4895_64.3411.jpg 227 74 95 36 38
2_0.9999942780_5328.99994779_4895_64.3411.jpg 196 112 94 27 40
2_0.9999942780_5328.99994779_4895_64.3411.jpg 193 143 93 25 41
2_0.9999942780_5328.99994779_4895_64.3411.jpg 191 172 93 28 41
2_0.9999942780_5328.99994779_4895_64.3411.jpg 193 204 93 26 41
2_0.9999942780_5328.99994779_4895_64.3411.jpg 3 61 156 50 51
2_0.9999942780_5328.99994779_4895_64.3411.jpg 23 112 156 49 49
2_0.9999942780_5328.99994779_4895_64.3411.jpg 24 161 157 49 50
