2_0.9999965429_2807.18525749_20260_68.552.jpg 51 36 7 65 63
2_0.9999965429_2807.18525749_20260_68.552.jpg 52 105 6 59 62
2_0.9999965429_2807.18525749_20260_68.552.jpg 53 170 8 62 62
2_0.9999965429_2807.18525749_20260_68.552.jpg 203 25 93 35 41
2_0.9999965429_2807.18525749_20260_68.552.jpg 203 61 93 33 42
2_0.9999965429_2807.18525749_20260_68.552.jpg 203 94 93 36 43
2_0.9999965429_2807.18525749_20260_68.552.jpg 211 133 82 30 54
2_0.9999965429_2807.18525749_20260_68.552.jpg 192 168 83 34 53
2_0.9999965429_2807.18525749_20260_68.552.jpg 199 204 84 39 51
2_0.9999965429_2807.18525749_20260_68.552.jpg 33 37 154 62 64
2_0.9999965429_2807.18525749_20260_68.552.jpg 23 105 153 65 64
2_0.9999965429_2807.18525749_20260_68.552.jpg 24 173 152 65 66
