2_0.9999985695_2_0.9999984503_100_23340_121.996.jpg 114 80 47 52 49
2_0.9999985695_2_0.9999984503_100_23340_121.996.jpg 22 134 47 52 51
2_0.9999985695_2_0.9999984503_100_23340_121.996.jpg 237 51 112 27 37
2_0.9999985695_2_0.9999984503_100_23340_121.996.jpg 234 78 112 30 37
2_0.9999985695_2_0.9999984503_100_23340_121.996.jpg 234 109 113 30 36
2_0.9999985695_2_0.9999984503_100_23340_121.996.jpg 237 141 111 26 37
2_0.9999985695_2_0.9999984503_100_23340_121.996.jpg 193 169 113 21 36
2_0.9999985695_2_0.9999984503_100_23340_121.996.jpg 200 193 113 23 35
2_0.9999985695_2_0.9999984503_100_23340_121.996.jpg 3 79 160 50 51
2_0.9999985695_2_0.9999984503_100_23340_121.996.jpg 23 134 160 52 50
