2_0.9999924898_else_100.0_2017-04-05-23-44-10_s0-b6291d80-1a16-11e7-a563-a3394c8f07a8.jpg 6 42 17 50 51
2_0.9999924898_else_100.0_2017-04-05-23-44-10_s0-b6291d80-1a16-11e7-a563-a3394c8f07a8.jpg 21 95 19 48 49
2_0.9999924898_else_100.0_2017-04-05-23-44-10_s0-b6291d80-1a16-11e7-a563-a3394c8f07a8.jpg 22 147 16 50 52
2_0.9999924898_else_100.0_2017-04-05-23-44-10_s0-b6291d80-1a16-11e7-a563-a3394c8f07a8.jpg 209 33 81 20 47
2_0.9999924898_else_100.0_2017-04-05-23-44-10_s0-b6291d80-1a16-11e7-a563-a3394c8f07a8.jpg 219 53 93 24 36
2_0.9999924898_else_100.0_2017-04-05-23-44-10_s0-b6291d80-1a16-11e7-a563-a3394c8f07a8.jpg 215 79 94 30 34
2_0.9999924898_else_100.0_2017-04-05-23-44-10_s0-b6291d80-1a16-11e7-a563-a3394c8f07a8.jpg 197 112 84 30 44
2_0.9999924898_else_100.0_2017-04-05-23-44-10_s0-b6291d80-1a16-11e7-a563-a3394c8f07a8.jpg 197 143 82 32 46
2_0.9999924898_else_100.0_2017-04-05-23-44-10_s0-b6291d80-1a16-11e7-a563-a3394c8f07a8.jpg 200 175 83 31 46
2_0.9999924898_else_100.0_2017-04-05-23-44-10_s0-b6291d80-1a16-11e7-a563-a3394c8f07a8.jpg 3 40 142 50 54
2_0.9999924898_else_100.0_2017-04-05-23-44-10_s0-b6291d80-1a16-11e7-a563-a3394c8f07a8.jpg 23 92 142 56 532_0.9999924898_else_100.0_2017-04-05-23-44-10_s0-b6291d80-1a16-11e7-a563-a3394c8f07a8.jpg 24 150 142 51 54
