2_0.9999997616_else_100_2017-04-11-20-49-42_s0-54ee59b0-1eb5-11e7-99b8-e5eb742051a5.jpg 118 80 18 46 49
2_0.9999997616_else_100_2017-04-11-20-49-42_s0-54ee59b0-1eb5-11e7-99b8-e5eb742051a5.jpg 21 128 19 45 47
2_0.9999997616_else_100_2017-04-11-20-49-42_s0-54ee59b0-1eb5-11e7-99b8-e5eb742051a5.jpg 237 43 94 28 36
2_0.9999997616_else_100_2017-04-11-20-49-42_s0-54ee59b0-1eb5-11e7-99b8-e5eb742051a5.jpg 239 72 95 36 35
2_0.9999997616_else_100_2017-04-11-20-49-42_s0-54ee59b0-1eb5-11e7-99b8-e5eb742051a5.jpg 193 112 94 24 37
2_0.9999997616_else_100_2017-04-11-20-49-42_s0-54ee59b0-1eb5-11e7-99b8-e5eb742051a5.jpg 199 139 95 26 35
2_0.9999997616_else_100_2017-04-11-20-49-42_s0-54ee59b0-1eb5-11e7-99b8-e5eb742051a5.jpg 200 169 94 24 35
2_0.9999997616_else_100_2017-04-11-20-49-42_s0-54ee59b0-1eb5-11e7-99b8-e5eb742051a5.jpg 193 197 94 25 35
2_0.9999997616_else_100_2017-04-11-20-49-42_s0-54ee59b0-1eb5-11e7-99b8-e5eb742051a5.jpg 67 30 152 45 46
2_0.9999997616_else_100_2017-04-11-20-49-42_s0-54ee59b0-1eb5-11e7-99b8-e5eb742051a5.jpg 2 77 153 46 45
2_0.9999997616_else_100_2017-04-11-20-49-42_s0-54ee59b0-1eb5-11e7-99b8-e5eb742051a5.jpg 68 126 154 45 45
2_0.9999997616_else_100_2017-04-11-20-49-42_s0-54ee59b0-1eb5-11e7-99b8-e5eb742051a5.jpg 69 173 154 46 46
