2_0.9999991655_3020.32856137_11943_65.04.jpg 3 66 23 52 50
2_0.9999991655_3020.32856137_11943_65.04.jpg 23 137 23 57 49
2_0.9999991655_3020.32856137_11943_65.04.jpg 211 41 88 31 37
2_0.9999991655_3020.32856137_11943_65.04.jpg 195 72 88 25 36
2_0.9999991655_3020.32856137_11943_65.04.jpg 195 99 88 26 37
2_0.9999991655_3020.32856137_11943_65.04.jpg 195 128 87 25 37
2_0.9999991655_3020.32856137_11943_65.04.jpg 193 154 87 27 37
2_0.9999991655_3020.32856137_11943_65.04.jpg 211 184 87 29 38
2_0.9999991655_3020.32856137_11943_65.04.jpg 6 50 140 66 52
2_0.9999991655_3020.32856137_11943_65.04.jpg 21 135 142 63 47
