2_0.9999990463_99_20952_67.779.jpg 6 25 10 93 67
2_0.9999990463_99_20952_67.779.jpg 21 148 11 94 66
2_0.9999990463_99_20952_67.779.jpg 203 5 101 37 44
2_0.9999990463_99_20952_67.779.jpg 217 47 104 37 57
2_0.9999990463_99_20952_67.779.jpg 202 92 91 37 58
2_0.9999990463_99_20952_67.779.jpg 225 132 107 38 60
2_0.9999990463_99_20952_67.779.jpg 192 172 95 38 60
2_0.9999990463_99_20952_67.779.jpg 195 217 98 38 59
2_0.9999990463_99_20952_67.779.jpg 3 24 174 88 52
2_0.9999990463_99_20952_67.779.jpg 23 146 178 92 48
