2_0.9999771118_else_100_2017-04-04-14-30-15_s0-2a000bf0-1900-11e7-9b74-b32d98f18b62.jpg 100 57 43 47 47
2_0.9999771118_else_100_2017-04-04-14-30-15_s0-2a000bf0-1900-11e7-9b74-b32d98f18b62.jpg 6 163 41 48 51
2_0.9999771118_else_100_2017-04-04-14-30-15_s0-2a000bf0-1900-11e7-9b74-b32d98f18b62.jpg 213 5 99 41 32
2_0.9999771118_else_100_2017-04-04-14-30-15_s0-2a000bf0-1900-11e7-9b74-b32d98f18b62.jpg 211 51 88 23 42
2_0.9999771118_else_100_2017-04-04-14-30-15_s0-2a000bf0-1900-11e7-9b74-b32d98f18b62.jpg 191 77 90 17 40
2_0.9999771118_else_100_2017-04-04-14-30-15_s0-2a000bf0-1900-11e7-9b74-b32d98f18b62.jpg 193 104 90 26 40
2_0.9999771118_else_100_2017-04-04-14-30-15_s0-2a000bf0-1900-11e7-9b74-b32d98f18b62.jpg 198 133 92 28 38
2_0.9999771118_else_100_2017-04-04-14-30-15_s0-2a000bf0-1900-11e7-9b74-b32d98f18b62.jpg 193 165 91 27 40
2_0.9999771118_else_100_2017-04-04-14-30-15_s0-2a000bf0-1900-11e7-9b74-b32d98f18b62.jpg 196 198 92 27 39
2_0.9999771118_else_100_2017-04-04-14-30-15_s0-2a000bf0-1900-11e7-9b74-b32d98f18b62.jpg 199 228 91 29 39
2_0.9999771118_else_100_2017-04-04-14-30-15_s0-2a000bf0-1900-11e7-9b74-b32d98f18b62.jpg 155 32 138 43 47
2_0.9999771118_else_100_2017-04-04-14-30-15_s0-2a000bf0-1900-11e7-9b74-b32d98f18b62.jpg 156 80 136 50 49
2_0.9999771118_else_100_2017-04-04-14-30-15_s0-2a000bf0-1900-11e7-9b74-b32d98f18b62.jpg 157 131 136 46 50
2_0.9999771118_else_100_2017-04-04-14-30-15_s0-2a000bf0-1900-11e7-9b74-b32d98f18b62.jpg 54 184 138 44 45
