2_0.9999980927_else_100_2017-04-07-20-07-48_s0-d1226ae0-1b8a-11e7-b239-3566cdd6bf96.jpg 6 59 43 60 50
2_0.9999980927_else_100_2017-04-07-20-07-48_s0-d1226ae0-1b8a-11e7-b239-3566cdd6bf96.jpg 6 134 44 57 51
2_0.9999980927_else_100_2017-04-07-20-07-48_s0-d1226ae0-1b8a-11e7-b239-3566cdd6bf96.jpg 205 43 109 24 25
2_0.9999980927_else_100_2017-04-07-20-07-48_s0-d1226ae0-1b8a-11e7-b239-3566cdd6bf96.jpg 205 68 109 25 24
2_0.9999980927_else_100_2017-04-07-20-07-48_s0-d1226ae0-1b8a-11e7-b239-3566cdd6bf96.jpg 193 96 101 24 32
2_0.9999980927_else_100_2017-04-07-20-07-48_s0-d1226ae0-1b8a-11e7-b239-3566cdd6bf96.jpg 195 123 103 27 30
2_0.9999980927_else_100_2017-04-07-20-07-48_s0-d1226ae0-1b8a-11e7-b239-3566cdd6bf96.jpg 198 153 103 26 30
2_0.9999980927_else_100_2017-04-07-20-07-48_s0-d1226ae0-1b8a-11e7-b239-3566cdd6bf96.jpg 193 182 102 26 32
2_0.9999980927_else_100_2017-04-07-20-07-48_s0-d1226ae0-1b8a-11e7-b239-3566cdd6bf96.jpg 3 48 149 63 47
2_0.9999980927_else_100_2017-04-07-20-07-48_s0-d1226ae0-1b8a-11e7-b239-3566cdd6bf96.jpg 23 138 150 64 45
