2_0.9999837875_else_100_2017-04-04-13-17-24_s0-fc7ca210-18f5-11e7-99b8-e5eb742051a5.jpg 6 48 30 52 52
2_0.9999837875_else_100_2017-04-04-13-17-24_s0-fc7ca210-18f5-11e7-99b8-e5eb742051a5.jpg 21 108 32 51 50
2_0.9999837875_else_100_2017-04-04-13-17-24_s0-fc7ca210-18f5-11e7-99b8-e5eb742051a5.jpg 22 167 31 53 50
2_0.9999837875_else_100_2017-04-04-13-17-24_s0-fc7ca210-18f5-11e7-99b8-e5eb742051a5.jpg 250 35 93 32 44
2_0.9999837875_else_100_2017-04-04-13-17-24_s0-fc7ca210-18f5-11e7-99b8-e5eb742051a5.jpg 227 66 93 36 46
2_0.9999837875_else_100_2017-04-04-13-17-24_s0-fc7ca210-18f5-11e7-99b8-e5eb742051a5.jpg 194 101 94 32 44
2_0.9999837875_else_100_2017-04-04-13-17-24_s0-fc7ca210-18f5-11e7-99b8-e5eb742051a5.jpg 191 140 95 14 41
2_0.9999837875_else_100_2017-04-04-13-17-24_s0-fc7ca210-18f5-11e7-99b8-e5eb742051a5.jpg 191 202 96 16 42
2_0.9999837875_else_100_2017-04-04-13-17-24_s0-fc7ca210-18f5-11e7-99b8-e5eb742051a5.jpg 195 169 95 26 42
2_0.9999837875_else_100_2017-04-04-13-17-24_s0-fc7ca210-18f5-11e7-99b8-e5eb742051a5.jpg 3 42 150 52 55
2_0.9999837875_else_100_2017-04-04-13-17-24_s0-fc7ca210-18f5-11e7-99b8-e5eb742051a5.jpg 23 106 150 55 55
2_0.9999837875_else_100_2017-04-04-13-17-24_s0-fc7ca210-18f5-11e7-99b8-e5eb742051a5.jpg 24 167 151 57 56
