2_0.9999998808_else_100.0_2017-04-05-20-35-06_s0-4c992f50-19fc-11e7-99b8-e5eb742051a5.jpg 6 59 52 63 43
2_0.9999998808_else_100.0_2017-04-05-20-35-06_s0-4c992f50-19fc-11e7-99b8-e5eb742051a5.jpg 21 141 53 63 42
2_0.9999998808_else_100.0_2017-04-05-20-35-06_s0-4c992f50-19fc-11e7-99b8-e5eb742051a5.jpg 203 44 114 25 32
2_0.9999998808_else_100.0_2017-04-05-20-35-06_s0-4c992f50-19fc-11e7-99b8-e5eb742051a5.jpg 217 73 114 26 41
2_0.9999998808_else_100.0_2017-04-05-20-35-06_s0-4c992f50-19fc-11e7-99b8-e5eb742051a5.jpg 202 104 106 26 41
2_0.9999998808_else_100.0_2017-04-05-20-35-06_s0-4c992f50-19fc-11e7-99b8-e5eb742051a5.jpg 225 132 117 25 40
2_0.9999998808_else_100.0_2017-04-05-20-35-06_s0-4c992f50-19fc-11e7-99b8-e5eb742051a5.jpg 192 159 107 26 42
2_0.9999998808_else_100.0_2017-04-05-20-35-06_s0-4c992f50-19fc-11e7-99b8-e5eb742051a5.jpg 195 190 109 27 40
2_0.9999998808_else_100.0_2017-04-05-20-35-06_s0-4c992f50-19fc-11e7-99b8-e5eb742051a5.jpg 3 54 165 64 40
2_0.9999998808_else_100.0_2017-04-05-20-35-06_s0-4c992f50-19fc-11e7-99b8-e5eb742051a5.jpg 23 143 166 66 37
