2_0.9999800920_else_100_2017-04-07-18-30-24_s0-35d51b30-1b7d-11e7-9b74-b32d98f18b62.jpg 51 36 40 53 50
2_0.9999800920_else_100_2017-04-07-18-30-24_s0-35d51b30-1b7d-11e7-9b74-b32d98f18b62.jpg 106 94 39 54 49
2_0.9999800920_else_100_2017-04-07-18-30-24_s0-35d51b30-1b7d-11e7-9b74-b32d98f18b62.jpg 21 154 39 50 51
2_0.9999800920_else_100_2017-04-07-18-30-24_s0-35d51b30-1b7d-11e7-9b74-b32d98f18b62.jpg 224 33 114 27 33
2_0.9999800920_else_100_2017-04-07-18-30-24_s0-35d51b30-1b7d-11e7-9b74-b32d98f18b62.jpg 224 89 113 29 34
2_0.9999800920_else_100_2017-04-07-18-30-24_s0-35d51b30-1b7d-11e7-9b74-b32d98f18b62.jpg 211 62 102 25 47
2_0.9999800920_else_100_2017-04-07-18-30-24_s0-35d51b30-1b7d-11e7-9b74-b32d98f18b62.jpg 194 117 104 30 43
2_0.9999800920_else_100_2017-04-07-18-30-24_s0-35d51b30-1b7d-11e7-9b74-b32d98f18b62.jpg 198 152 104 28 43
2_0.9999800920_else_100_2017-04-07-18-30-24_s0-35d51b30-1b7d-11e7-9b74-b32d98f18b62.jpg 197 184 104 27 43
2_0.9999800920_else_100_2017-04-07-18-30-24_s0-35d51b30-1b7d-11e7-9b74-b32d98f18b62.jpg 3 38 161 57 56
2_0.9999800920_else_100_2017-04-07-18-30-24_s0-35d51b30-1b7d-11e7-9b74-b32d98f18b62.jpg 23 99 162 60 56
2_0.9999800920_else_100_2017-04-07-18-30-24_s0-35d51b30-1b7d-11e7-9b74-b32d98f18b62.jpg 24 161 164 56 54
2_0.9999800920_else_100_2017-04-07-18-30-24_s0-35d51b30-1b7d-11e7-9b74-b32d98f18b62.jpg 24 161 164 56 54
2_0.9999800920_else_100_2017-04-07-18-30-24_s0-35d51b30-1b7d-11e7-9b74-b32d98f18b62.jpg 24 161 164 56 54
