2_0.9999985695_2_0.9999997616_100_28082_95.0830000002.jpg 6 60 52 61 42
2_0.9999985695_2_0.9999997616_100_28082_95.0830000002.jpg 6 141 52 63 43
2_0.9999985695_2_0.9999997616_100_28082_95.0830000002.jpg 208 47 112 23 35
2_0.9999985695_2_0.9999997616_100_28082_95.0830000002.jpg 211 74 113 22 31
2_0.9999985695_2_0.9999997616_100_28082_95.0830000002.jpg 193 99 114 25 30
2_0.9999985695_2_0.9999997616_100_28082_95.0830000002.jpg 197 125 114 24 30
2_0.9999985695_2_0.9999997616_100_28082_95.0830000002.jpg 195 152 115 25 30
2_0.9999985695_2_0.9999997616_100_28082_95.0830000002.jpg 199 180 114 26 32
2_0.9999985695_2_0.9999997616_100_28082_95.0830000002.jpg 3 51 165 68 40
2_0.9999985695_2_0.9999997616_100_28082_95.0830000002.jpg 23 140 165 70 40
