2_0.9999930859_else_100_2017-04-11-21-57-19_s0-c779b070-1ebe-11e7-a563-a3394c8f07a8.jpg 188 55 2 60 58
2_0.9999930859_else_100_2017-04-11-21-57-19_s0-c779b070-1ebe-11e7-a563-a3394c8f07a8.jpg 21 119 1 61 62
2_0.9999930859_else_100_2017-04-11-21-57-19_s0-c779b070-1ebe-11e7-a563-a3394c8f07a8.jpg 203 27 92 28 35
2_0.9999930859_else_100_2017-04-11-21-57-19_s0-c779b070-1ebe-11e7-a563-a3394c8f07a8.jpg 203 58 91 30 37
2_0.9999930859_else_100_2017-04-11-21-57-19_s0-c779b070-1ebe-11e7-a563-a3394c8f07a8.jpg 203 89 92 30 34
2_0.9999930859_else_100_2017-04-11-21-57-19_s0-c779b070-1ebe-11e7-a563-a3394c8f07a8.jpg 211 123 81 27 46
2_0.9999930859_else_100_2017-04-11-21-57-19_s0-c779b070-1ebe-11e7-a563-a3394c8f07a8.jpg 194 151 84 30 42
2_0.9999930859_else_100_2017-04-11-21-57-19_s0-c779b070-1ebe-11e7-a563-a3394c8f07a8.jpg 199 186 84 32 42
2_0.9999930859_else_100_2017-04-11-21-57-19_s0-c779b070-1ebe-11e7-a563-a3394c8f07a8.jpg 33 36 151 53 53
2_0.9999930859_else_100_2017-04-11-21-57-19_s0-c779b070-1ebe-11e7-a563-a3394c8f07a8.jpg 504 95 151 55 55
2_0.9999930859_else_100_2017-04-11-21-57-19_s0-c779b070-1ebe-11e7-a563-a3394c8f07a8.jpg 190 151 150 58 57
