2_0.9999930859_else_100_2017-04-04-13-10-06_s0-f7ec12e0-18f4-11e7-99b8-e5eb742051a5.jpg 191 61 52 41 43
2_0.9999930859_else_100_2017-04-04-13-10-06_s0-f7ec12e0-18f4-11e7-99b8-e5eb742051a5.jpg 23 106 52 43 43
2_0.9999930859_else_100_2017-04-04-13-10-06_s0-f7ec12e0-18f4-11e7-99b8-e5eb742051a5.jpg 24 151 50 44 43
2_0.9999930859_else_100_2017-04-04-13-10-06_s0-f7ec12e0-18f4-11e7-99b8-e5eb742051a5.jpg 211 50 112 21 37
2_0.9999930859_else_100_2017-04-04-13-10-06_s0-f7ec12e0-18f4-11e7-99b8-e5eb742051a5.jpg 211 72 112 23 36
2_0.9999930859_else_100_2017-04-04-13-10-06_s0-f7ec12e0-18f4-11e7-99b8-e5eb742051a5.jpg 198 98 111 24 36
2_0.9999930859_else_100_2017-04-04-13-10-06_s0-f7ec12e0-18f4-11e7-99b8-e5eb742051a5.jpg 198 126 112 26 35
2_0.9999930859_else_100_2017-04-04-13-10-06_s0-f7ec12e0-18f4-11e7-99b8-e5eb742051a5.jpg 196 154 111 26 36
2_0.9999930859_else_100_2017-04-04-13-10-06_s0-f7ec12e0-18f4-11e7-99b8-e5eb742051a5.jpg 208 183 110 23 37
2_0.9999930859_else_100_2017-04-04-13-10-06_s0-f7ec12e0-18f4-11e7-99b8-e5eb742051a5.jpg 43 63 167 42 42
2_0.9999930859_else_100_2017-04-04-13-10-06_s0-f7ec12e0-18f4-11e7-99b8-e5eb742051a5.jpg 47 107 167 41 42
2_0.9999930859_else_100_2017-04-04-13-10-06_s0-f7ec12e0-18f4-11e7-99b8-e5eb742051a5.jpg 47 152 167 41 41
