2_0.9999967813_else_100_2017-04-07-22-13-21_s0-5b47cdd0-1b9c-11e7-9b74-b32d98f18b62.jpg 6 57 50 33 34
2_0.9999967813_else_100_2017-04-07-22-13-21_s0-5b47cdd0-1b9c-11e7-9b74-b32d98f18b62.jpg 21 93 50 31 35
2_0.9999967813_else_100_2017-04-07-22-13-21_s0-5b47cdd0-1b9c-11e7-9b74-b32d98f18b62.jpg 3 127 50 35 35
2_0.9999967813_else_100_2017-04-07-22-13-21_s0-5b47cdd0-1b9c-11e7-9b74-b32d98f18b62.jpg 23 163 50 35 34
2_0.9999967813_else_100_2017-04-07-22-13-21_s0-5b47cdd0-1b9c-11e7-9b74-b32d98f18b62.jpg 238 27 105 36 41
2_0.9999967813_else_100_2017-04-07-22-13-21_s0-5b47cdd0-1b9c-11e7-9b74-b32d98f18b62.jpg 245 62 105 31 40
2_0.9999967813_else_100_2017-04-07-22-13-21_s0-5b47cdd0-1b9c-11e7-9b74-b32d98f18b62.jpg 191 95 106 21 41
2_0.9999967813_else_100_2017-04-07-22-13-21_s0-5b47cdd0-1b9c-11e7-9b74-b32d98f18b62.jpg 192 119 105 27 40
2_0.9999967813_else_100_2017-04-07-22-13-21_s0-5b47cdd0-1b9c-11e7-9b74-b32d98f18b62.jpg 193 145 105 28 40
2_0.9999967813_else_100_2017-04-07-22-13-21_s0-5b47cdd0-1b9c-11e7-9b74-b32d98f18b62.jpg 195 176 105 25 41
2_0.9999967813_else_100_2017-04-07-22-13-21_s0-5b47cdd0-1b9c-11e7-9b74-b32d98f18b62.jpg 193 202 105 25 40
2_0.9999967813_else_100_2017-04-07-22-13-21_s0-5b47cdd0-1b9c-11e7-9b74-b32d98f18b62.jpg 27 48 165 33 34
2_0.9999967813_else_100_2017-04-07-22-13-21_s0-5b47cdd0-1b9c-11e7-9b74-b32d98f18b62.jpg 28 82 166 34 33
2_0.9999967813_else_100_2017-04-07-22-13-21_s0-5b47cdd0-1b9c-11e7-9b74-b32d98f18b62.jpg 29 143 165 26 34
2_0.9999967813_else_100_2017-04-07-22-13-21_s0-5b47cdd0-1b9c-11e7-9b74-b32d98f18b62.jpg 30 172 167 35 33
