2_0.9999817610_2_0.9999817610_3_26928_101.596.jpg 6 28 31 63 63
2_0.9999817610_2_0.9999817610_3_26928_101.596.jpg 21 101 33 62 61
2_0.9999817610_2_0.9999817610_3_26928_101.596.jpg 204 9 101 35 49
2_0.9999817610_2_0.9999817610_3_26928_101.596.jpg 194 50 100 35 50
2_0.9999817610_2_0.9999817610_3_26928_101.596.jpg 194 90 101 37 49
2_0.9999817610_2_0.9999817610_3_26928_101.596.jpg 194 214 99 37 51
2_0.9999817610_2_0.9999817610_3_26928_101.596.jpg 195 134 100 32 50
2_0.9999817610_2_0.9999817610_3_26928_101.596.jpg 192 176 101 33 48
2_0.9999817610_2_0.9999817610_3_26928_101.596.jpg 3 23 158 64 66
2_0.9999817610_2_0.9999817610_3_26928_101.596.jpg 23 98 158 68 67
2_0.9999817610_2_0.9999817610_3_26928_101.596.jpg 24 174 160 66 65
