2_0.9999977350_8649.0_10359_65.476.jpg 6 47 1 74 78
2_0.9999977350_8649.0_10359_65.476.jpg 22 166 2 82 82
2_0.9999977350_8649.0_10359_65.476.jpg 225 23 135 36 47
2_0.9999977350_8649.0_10359_65.476.jpg 207 59 138 36 47
2_0.9999977350_8649.0_10359_65.476.jpg 207 100 141 35 47
2_0.9999977350_8649.0_10359_65.476.jpg 194 137 132 37 43
2_0.9999977350_8649.0_10359_65.476.jpg 199 178 132 36 48
2_0.9999977350_8649.0_10359_65.476.jpg 196 218 134 37 47
2_0.9999977350_8649.0_10359_65.476.jpg 3 48 210 58 45
2_0.9999977350_8649.0_10359_65.476.jpg 23 136 217 60 38
2_0.9999977350_8649.0_10359_65.476.jpg 23 136 217 60 38
