2_0.9999753237_else_100_2017-04-11-21-05-32_s0-8b0e7b40-1eb7-11e7-b239-3566cdd6bf96.jpg 188 53 30 51 53
2_0.9999753237_else_100_2017-04-11-21-05-32_s0-8b0e7b40-1eb7-11e7-b239-3566cdd6bf96.jpg 52 113 32 50 51
2_0.9999753237_else_100_2017-04-11-21-05-32_s0-8b0e7b40-1eb7-11e7-b239-3566cdd6bf96.jpg 53 171 32 48 52
2_0.9999753237_else_100_2017-04-11-21-05-32_s0-8b0e7b40-1eb7-11e7-b239-3566cdd6bf96.jpg 224 29 118 31 40
2_0.9999753237_else_100_2017-04-11-21-05-32_s0-8b0e7b40-1eb7-11e7-b239-3566cdd6bf96.jpg 224 66 118 30 39
2_0.9999753237_else_100_2017-04-11-21-05-32_s0-8b0e7b40-1eb7-11e7-b239-3566cdd6bf96.jpg 224 100 117 35 41
2_0.9999753237_else_100_2017-04-11-21-05-32_s0-8b0e7b40-1eb7-11e7-b239-3566cdd6bf96.jpg 220 137 108 22 49
2_0.9999753237_else_100_2017-04-11-21-05-32_s0-8b0e7b40-1eb7-11e7-b239-3566cdd6bf96.jpg 194 163 104 36 53
2_0.9999753237_else_100_2017-04-11-21-05-32_s0-8b0e7b40-1eb7-11e7-b239-3566cdd6bf96.jpg 198 207 106 37 51
2_0.9999753237_else_100_2017-04-11-21-05-32_s0-8b0e7b40-1eb7-11e7-b239-3566cdd6bf96.jpg 33 53 177 50 56
2_0.9999753237_else_100_2017-04-11-21-05-32_s0-8b0e7b40-1eb7-11e7-b239-3566cdd6bf96.jpg 504 110 178 55 54
2_0.9999753237_else_100_2017-04-11-21-05-32_s0-8b0e7b40-1eb7-11e7-b239-3566cdd6bf96.jpg 504 110 178 55 54
