2_0.9994010925_else_100.0_2017-04-05-22-24-16_s0-8c59d770-1a0b-11e7-99b8-e5eb742051a5.jpg 3 50 30 47 47
2_0.9994010925_else_100.0_2017-04-05-22-24-16_s0-8c59d770-1a0b-11e7-99b8-e5eb742051a5.jpg 23 100 32 46 45
2_0.9994010925_else_100.0_2017-04-05-22-24-16_s0-8c59d770-1a0b-11e7-99b8-e5eb742051a5.jpg 24 148 31 47 46
2_0.9994010925_else_100.0_2017-04-05-22-24-16_s0-8c59d770-1a0b-11e7-99b8-e5eb742051a5.jpg 242 12 86 31 45
2_0.9994010925_else_100.0_2017-04-05-22-24-16_s0-8c59d770-1a0b-11e7-99b8-e5eb742051a5.jpg 237 55 86 36 45
2_0.9994010925_else_100.0_2017-04-05-22-24-16_s0-8c59d770-1a0b-11e7-99b8-e5eb742051a5.jpg 199 94 87 35 44
2_0.9994010925_else_100.0_2017-04-05-22-24-16_s0-8c59d770-1a0b-11e7-99b8-e5eb742051a5.jpg 191 137 86 21 46
2_0.9994010925_else_100.0_2017-04-05-22-24-16_s0-8c59d770-1a0b-11e7-99b8-e5eb742051a5.jpg 190 170 86 32 45
2_0.9994010925_else_100.0_2017-04-05-22-24-16_s0-8c59d770-1a0b-11e7-99b8-e5eb742051a5.jpg 195 213 85 32 48
2_0.9994010925_else_100.0_2017-04-05-22-24-16_s0-8c59d770-1a0b-11e7-99b8-e5eb742051a5.jpg 55 13 143 38 39
2_0.9994010925_else_100.0_2017-04-05-22-24-16_s0-8c59d770-1a0b-11e7-99b8-e5eb742051a5.jpg 56 58 143 40 41
2_0.9994010925_else_100.0_2017-04-05-22-24-16_s0-8c59d770-1a0b-11e7-99b8-e5eb742051a5.jpg 57 101 143 43 41
2_0.9994010925_else_100.0_2017-04-05-22-24-16_s0-8c59d770-1a0b-11e7-99b8-e5eb742051a5.jpg 58 148 142 40 41
2_0.9994010925_else_100.0_2017-04-05-22-24-16_s0-8c59d770-1a0b-11e7-99b8-e5eb742051a5.jpg 59 191 143 44 41
2_0.9994010925_else_100.0_2017-04-05-22-24-16_s0-8c59d770-1a0b-11e7-99b8-e5eb742051a5.jpg 40 38 190 42 41
2_0.9994010925_else_100.0_2017-04-05-22-24-16_s0-8c59d770-1a0b-11e7-99b8-e5eb742051a5.jpg 2 82 187 42 45
2_0.9994010925_else_100.0_2017-04-05-22-24-16_s0-8c59d770-1a0b-11e7-99b8-e5eb742051a5.jpg 29 132 188 34 44
2_0.9994010925_else_100.0_2017-04-05-22-24-16_s0-8c59d770-1a0b-11e7-99b8-e5eb742051a5.jpg 30 174 189 41 43
