2_0.9999990463_else_100_2017-04-07-16-50-36_s0-44b9b330-1b6f-11e7-b239-3566cdd6bf96.jpg 6 90 32 42 41
2_0.9999990463_else_100_2017-04-07-16-50-36_s0-44b9b330-1b6f-11e7-b239-3566cdd6bf96.jpg 22 133 32 38 42
2_0.9999990463_else_100_2017-04-07-16-50-36_s0-44b9b330-1b6f-11e7-b239-3566cdd6bf96.jpg 224 20 99 24 28
2_0.9999990463_else_100_2017-04-07-16-50-36_s0-44b9b330-1b6f-11e7-b239-3566cdd6bf96.jpg 224 46 100 24 27
2_0.9999990463_else_100_2017-04-07-16-50-36_s0-44b9b330-1b6f-11e7-b239-3566cdd6bf96.jpg 224 71 99 26 28
2_0.9999990463_else_100_2017-04-07-16-50-36_s0-44b9b330-1b6f-11e7-b239-3566cdd6bf96.jpg 192 98 93 21 34
2_0.9999990463_else_100_2017-04-07-16-50-36_s0-44b9b330-1b6f-11e7-b239-3566cdd6bf96.jpg 200 120 91 23 34
2_0.9999990463_else_100_2017-04-07-16-50-36_s0-44b9b330-1b6f-11e7-b239-3566cdd6bf96.jpg 191 146 92 20 36
2_0.9999990463_else_100_2017-04-07-16-50-36_s0-44b9b330-1b6f-11e7-b239-3566cdd6bf96.jpg 197 169 91 22 34
2_0.9999990463_else_100_2017-04-07-16-50-36_s0-44b9b330-1b6f-11e7-b239-3566cdd6bf96.jpg 201 193 100 25 26
2_0.9999990463_else_100_2017-04-07-16-50-36_s0-44b9b330-1b6f-11e7-b239-3566cdd6bf96.jpg 201 217 101 23 27
2_0.9999990463_else_100_2017-04-07-16-50-36_s0-44b9b330-1b6f-11e7-b239-3566cdd6bf96.jpg 97 25 144 39 41
2_0.9999990463_else_100_2017-04-07-16-50-36_s0-44b9b330-1b6f-11e7-b239-3566cdd6bf96.jpg 95 65 144 38 40
2_0.9999990463_else_100_2017-04-07-16-50-36_s0-44b9b330-1b6f-11e7-b239-3566cdd6bf96.jpg 96 107 146 40 39
2_0.9999990463_else_100_2017-04-07-16-50-36_s0-44b9b330-1b6f-11e7-b239-3566cdd6bf96.jpg 72 147 147 39 37
2_0.9999990463_else_100_2017-04-07-16-50-36_s0-44b9b330-1b6f-11e7-b239-3566cdd6bf96.jpg 23 186 145 42 39
