3127.73097229_123_65.073.jpg 3 32 19 60 63
3127.73097229_123_65.073.jpg 23 97 19 62 60
3127.73097229_123_65.073.jpg 24 161 19 61 61
3127.73097229_123_65.073.jpg 203 10 94 39 43
3127.73097229_123_65.073.jpg 203 51 94 35 42
3127.73097229_123_65.073.jpg 203 88 94 38 44
3127.73097229_123_65.073.jpg 211 129 79 36 58
3127.73097229_123_65.073.jpg 196 166 80 43 57
3127.73097229_123_65.073.jpg 194 210 80 45 58
3127.73097229_123_65.073.jpg 6 39 143 77 78
3127.73097229_123_65.073.jpg 21 121 145 74 76
