3135.96974564_39_67.069.jpg 51 39 42 53 52
3135.96974564_39_67.069.jpg 106 96 42 53 50
3135.96974564_39_67.069.jpg 21 152 41 53 51
3135.96974564_39_67.069.jpg 224 33 115 30 35
3135.96974564_39_67.069.jpg 211 124 165 0 0
3135.96974564_39_67.069.jpg 211 63 104 28 46
3135.96974564_39_67.069.jpg 224 91 115 27 36
3135.96974564_39_67.069.jpg 194 118 106 32 43
3135.96974564_39_67.069.jpg 198 151 105 31 46
3135.96974564_39_67.069.jpg 197 183 105 32 46
3135.96974564_39_67.069.jpg 3 41 163 57 56
3135.96974564_39_67.069.jpg 23 102 164 59 55
3135.96974564_39_67.069.jpg 24 162 163 56 57
