3720.99989092_7607_64.595.jpg 3 37 21 61 62
3720.99989092_7607_64.595.jpg 23 102 23 62 59
3720.99989092_7607_64.595.jpg 24 165 22 63 62
3720.99989092_7607_64.595.jpg 237 28 83 34 43
3720.99989092_7607_64.595.jpg 242 67 81 33 45
3720.99989092_7607_64.595.jpg 192 103 83 33 45
3720.99989092_7607_64.595.jpg 198 140 83 32 42
3720.99989092_7607_64.595.jpg 191 176 83 23 44
3720.99989092_7607_64.595.jpg 196 205 82 34 45
3720.99989092_7607_64.595.jpg 40 33 129 48 50
3720.99989092_7607_64.595.jpg  2 82 129 48 50
3720.99989092_7607_64.595.jpg  29 136 130 39 49
3720.99989092_7607_64.595.jpg 30 180 131 49 48
3720.99989092_7607_64.595.jpg 27 35 179 51 53
3720.99989092_7607_64.595.jpg 28 89 181 47 50
3720.99989092_7607_64.595.jpg 34 140 181 48 50
3720.99989092_7607_64.595.jpg 228 194 185 31 40
