400.0_2295_64.441.jpg 550 13 3 31 31
400.0_2295_64.441.jpg 1019 47 8 31 24
400.0_2295_64.441.jpg 23 29 33 15 15
400.0_2295_64.441.jpg 24 46 33 12 15
400.0_2295_64.441.jpg 202 7 49 11 16
400.0_2295_64.441.jpg 201 18 52 7 13
400.0_2295_64.441.jpg 214 26 53 10 11
400.0_2295_64.441.jpg 214 35 52 7 12
400.0_2295_64.441.jpg 200 43 50 9 14
400.0_2295_64.441.jpg 207 51 49 9 14
400.0_2295_64.441.jpg 200 60 50 9 12
400.0_2295_64.441.jpg 206 70 50 8 13
400.0_2295_64.441.jpg 3596 15 66 28 27
400.0_2295_64.441.jpg 2376 48 65 28 31
