4353.98776352_183_65.562.jpg 6 66 27 54 57
4353.98776352_183_65.562.jpg 21 124 28 53 57
4353.98776352_183_65.562.jpg 203 13 103 35 37
4353.98776352_183_65.562.jpg 203 49 101 34 39
4353.98776352_183_65.562.jpg 203 87 101 35 40
4353.98776352_183_65.562.jpg 211 127 89 31 52
4353.98776352_183_65.562.jpg 198 163 89 36 52
4353.98776352_183_65.562.jpg 199 205 88 39 54
4353.98776352_183_65.562.jpg 3 41 156 58 61
4353.98776352_183_65.562.jpg 23 103 157 59 58
4353.98776352_183_65.562.jpg 24 164 156 61 61
