4356.0_7183_63.463.jpg 23 28 11 27 29
4356.0_7183_63.463.jpg 24 63 12 26 27
4356.0_7183_63.463.jpg 208 15 41 17 27
4356.0_7183_63.463.jpg 203 1 50 16 16
4356.0_7183_63.463.jpg 221 33 50 16 19
4356.0_7183_63.463.jpg 195 54 45 12 25
4356.0_7183_63.463.jpg 192 70 45 12 25
4356.0_7183_63.463.jpg 198 85 45 15 23
4356.0_7183_63.463.jpg 195 100 45 14 23
4356.0_7183_63.463.jpg 45 4 75 27 29
4356.0_7183_63.463.jpg 44 31 75 27 28
4356.0_7183_63.463.jpg 6 65 76 27 27
4356.0_7183_63.463.jpg 21 93 75 25 28
