49.0_7181_63.916.jpg 3 47 12 46 48
49.0_7181_63.916.jpg 23 94 14 47 45
49.0_7181_63.916.jpg 24 143 13 46 47
49.0_7181_63.916.jpg 242 25 69 28 39
49.0_7181_63.916.jpg 239 57 69 39 38
49.0_7181_63.916.jpg 194 98 70 28 33
49.0_7181_63.916.jpg 200 129 69 28 37
49.0_7181_63.916.jpg 199 160 70 28 36
49.0_7181_63.916.jpg 191 192 68 18 40
49.0_7181_63.916.jpg 29 35 118 37 50
49.0_7181_63.916.jpg 30 79 119 47 47
49.0_7181_63.916.jpg 34 128 118 48 48
49.0_7181_63.916.jpg 228 181 122 29 39
49.0_7181_63.916.jpg 36 26 192 41 7
49.0_7181_63.916.jpg 36 104 192 39 8
49.0_7181_63.916.jpg 37 66 178 36 36
49.0_7181_63.916.jpg 38 142 176 33 37
49.0_7181_63.916.jpg 39 177 176 37 37
