2_0.9994766116_2_0.9999736547_99_28769_79.9660000002.jpg 45 19 8 23 24
2_0.9994766116_2_0.9999736547_99_28769_79.9660000002.jpg 44 45 7 23 28
2_0.9994766116_2_0.9999736547_99_28769_79.9660000002.jpg 3 68 7 25 26
2_0.9994766116_2_0.9999736547_99_28769_79.9660000002.jpg 23 56 41 25 23
2_0.9994766116_2_0.9999736547_99_28769_79.9660000002.jpg 226 14 80 12 16
2_0.9994766116_2_0.9999736547_99_28769_79.9660000002.jpg 221 42 96 -14 -15
2_0.9994766116_2_0.9999736547_99_28769_79.9660000002.jpg 198 44 77 12 20
2_0.9994766116_2_0.9999736547_99_28769_79.9660000002.jpg 198 73 76 11 21
2_0.9994766116_2_0.9999736547_99_28769_79.9660000002.jpg 198 85 77 15 19
2_0.9994766116_2_0.9999736547_99_28769_79.9660000002.jpg 199 56 76 14 21
