2_0.9998127818_else_100_2017-04-13-20-20-05_s0-86bc8950-2043-11e7-9b74-b32d98f18b62.jpg 23 93 31 51 50
2_0.9998127818_else_100_2017-04-13-20-20-05_s0-86bc8950-2043-11e7-9b74-b32d98f18b62.jpg 24 150 30 51 52
2_0.9998127818_else_100_2017-04-13-20-20-05_s0-86bc8950-2043-11e7-9b74-b32d98f18b62.jpg 205 22 106 32 30
2_0.9998127818_else_100_2017-04-13-20-20-05_s0-86bc8950-2043-11e7-9b74-b32d98f18b62.jpg 205 54 103 33 31
2_0.9998127818_else_100_2017-04-13-20-20-05_s0-86bc8950-2043-11e7-9b74-b32d98f18b62.jpg 208 92 91 28 47
2_0.9998127818_else_100_2017-04-13-20-20-05_s0-86bc8950-2043-11e7-9b74-b32d98f18b62.jpg 195 125 94 31 42
2_0.9998127818_else_100_2017-04-13-20-20-05_s0-86bc8950-2043-11e7-9b74-b32d98f18b62.jpg 194 162 94 29 42
2_0.9998127818_else_100_2017-04-13-20-20-05_s0-86bc8950-2043-11e7-9b74-b32d98f18b62.jpg 197 195 92 28 45
2_0.9998127818_else_100_2017-04-13-20-20-05_s0-86bc8950-2043-11e7-9b74-b32d98f18b62.jpg 6 35 149 42 48
2_0.9998127818_else_100_2017-04-13-20-20-05_s0-86bc8950-2043-11e7-9b74-b32d98f18b62.jpg 22 83 153 44 43
2_0.9998127818_else_100_2017-04-13-20-20-05_s0-86bc8950-2043-11e7-9b74-b32d98f18b62.jpg 67 129 147 45 51
2_0.9998127818_else_100_2017-04-13-20-20-05_s0-86bc8950-2043-11e7-9b74-b32d98f18b62.jpg 21 173 150 48 48
