2_0.9998243451_else_100_2017-04-07-08-19-19_s0-d7b04f20-1b27-11e7-99b8-e5eb742051a5.jpg 3 17 29 59 66
2_0.9998243451_else_100_2017-04-07-08-19-19_s0-d7b04f20-1b27-11e7-99b8-e5eb742051a5.jpg 23 88 28 62 66
2_0.9998243451_else_100_2017-04-07-08-19-19_s0-d7b04f20-1b27-11e7-99b8-e5eb742051a5.jpg 24 155 29 67 67
2_0.9998243451_else_100_2017-04-07-08-19-19_s0-d7b04f20-1b27-11e7-99b8-e5eb742051a5.jpg 205 9 112 32 33
2_0.9998243451_else_100_2017-04-07-08-19-19_s0-d7b04f20-1b27-11e7-99b8-e5eb742051a5.jpg 205 50 111 30 35
2_0.9998243451_else_100_2017-04-07-08-19-19_s0-d7b04f20-1b27-11e7-99b8-e5eb742051a5.jpg 208 85 99 31 50
2_0.9998243451_else_100_2017-04-07-08-19-19_s0-d7b04f20-1b27-11e7-99b8-e5eb742051a5.jpg 195 124 100 33 45
2_0.9998243451_else_100_2017-04-07-08-19-19_s0-d7b04f20-1b27-11e7-99b8-e5eb742051a5.jpg 194 164 97 33 51
2_0.9998243451_else_100_2017-04-07-08-19-19_s0-d7b04f20-1b27-11e7-99b8-e5eb742051a5.jpg 197 204 99 30 46
2_0.9998243451_else_100_2017-04-07-08-19-19_s0-d7b04f20-1b27-11e7-99b8-e5eb742051a5.jpg 103 27 152 41 48
2_0.9998243451_else_100_2017-04-07-08-19-19_s0-d7b04f20-1b27-11e7-99b8-e5eb742051a5.jpg 6 77 153 46 48
2_0.9998243451_else_100_2017-04-07-08-19-19_s0-d7b04f20-1b27-11e7-99b8-e5eb742051a5.jpg 7 129 152 48 50
2_0.9998243451_else_100_2017-04-07-08-19-19_s0-d7b04f20-1b27-11e7-99b8-e5eb742051a5.jpg 104 181 154 47 47
