2_0.9999636412_else_100.0_2017-04-05-22-18-37_s0-c262a7d0-1a0a-11e7-99b8-e5eb742051a5.jpg 3 67 27 39 41
2_0.9999636412_else_100.0_2017-04-05-22-18-37_s0-c262a7d0-1a0a-11e7-99b8-e5eb742051a5.jpg 23 109 29 42 40
2_0.9999636412_else_100.0_2017-04-05-22-18-37_s0-c262a7d0-1a0a-11e7-99b8-e5eb742051a5.jpg 24 150 27 43 42
2_0.9999636412_else_100.0_2017-04-05-22-18-37_s0-c262a7d0-1a0a-11e7-99b8-e5eb742051a5.jpg 223 17 93 37 24
2_0.9999636412_else_100.0_2017-04-05-22-18-37_s0-c262a7d0-1a0a-11e7-99b8-e5eb742051a5.jpg 224 56 92 24 25
2_0.9999636412_else_100.0_2017-04-05-22-18-37_s0-c262a7d0-1a0a-11e7-99b8-e5eb742051a5.jpg 199 83 84 19 33
2_0.9999636412_else_100.0_2017-04-05-22-18-37_s0-c262a7d0-1a0a-11e7-99b8-e5eb742051a5.jpg 197 107 83 19 32
2_0.9999636412_else_100.0_2017-04-05-22-18-37_s0-c262a7d0-1a0a-11e7-99b8-e5eb742051a5.jpg 190 133 80 19 35
2_0.9999636412_else_100.0_2017-04-05-22-18-37_s0-c262a7d0-1a0a-11e7-99b8-e5eb742051a5.jpg 190 156 82 21 32
2_0.9999636412_else_100.0_2017-04-05-22-18-37_s0-c262a7d0-1a0a-11e7-99b8-e5eb742051a5.jpg 192 180 79 21 34
2_0.9999636412_else_100.0_2017-04-05-22-18-37_s0-c262a7d0-1a0a-11e7-99b8-e5eb742051a5.jpg 198 207 79 19 34
2_0.9999636412_else_100.0_2017-04-05-22-18-37_s0-c262a7d0-1a0a-11e7-99b8-e5eb742051a5.jpg 40 21 157 44 36
2_0.9999636412_else_100.0_2017-04-05-22-18-37_s0-c262a7d0-1a0a-11e7-99b8-e5eb742051a5.jpg 2 63 143 43 41
2_0.9999636412_else_100.0_2017-04-05-22-18-37_s0-c262a7d0-1a0a-11e7-99b8-e5eb742051a5.jpg 112 104 132 44 43
2_0.9999636412_else_100.0_2017-04-05-22-18-37_s0-c262a7d0-1a0a-11e7-99b8-e5eb742051a5.jpg 113 144 122 44 43
2_0.9999636412_else_100.0_2017-04-05-22-18-37_s0-c262a7d0-1a0a-11e7-99b8-e5eb742051a5.jpg 29 188 112 42 44
