2_0.9999831915_else_100_2017-04-11-05-30-27_s0-ea12e910-1e34-11e7-9b74-b32d98f18b62.jpg 6 28 9 88 65
2_0.9999831915_else_100_2017-04-11-05-30-27_s0-ea12e910-1e34-11e7-9b74-b32d98f18b62.jpg 21 150 10 89 64
2_0.9999831915_else_100_2017-04-11-05-30-27_s0-ea12e910-1e34-11e7-9b74-b32d98f18b62.jpg 203 8 100 32 42
2_0.9999831915_else_100_2017-04-11-05-30-27_s0-ea12e910-1e34-11e7-9b74-b32d98f18b62.jpg 217 48 103 35 55
2_0.9999831915_else_100_2017-04-11-05-30-27_s0-ea12e910-1e34-11e7-9b74-b32d98f18b62.jpg 202 94 87 35 58
2_0.9999831915_else_100_2017-04-11-05-30-27_s0-ea12e910-1e34-11e7-9b74-b32d98f18b62.jpg 225 134 104 33 59
2_0.9999831915_else_100_2017-04-11-05-30-27_s0-ea12e910-1e34-11e7-9b74-b32d98f18b62.jpg 192 174 94 35 57
2_0.9999831915_else_100_2017-04-11-05-30-27_s0-ea12e910-1e34-11e7-9b74-b32d98f18b62.jpg 195 220 95 32 58
2_0.9999831915_else_100_2017-04-11-05-30-27_s0-ea12e910-1e34-11e7-9b74-b32d98f18b62.jpg 3 25 171 86 53
2_0.9999831915_else_100_2017-04-11-05-30-27_s0-ea12e910-1e34-11e7-9b74-b32d98f18b62.jpg 23 147 174 90 51
