2_0.9995461106_1.0_7843_64.491.jpg 39 58 32 56 56
2_0.9995461106_1.0_7843_64.491.jpg 22 120 31 52 56
2_0.9995461106_1.0_7843_64.491.jpg 201 55 96 18 22
2_0.9995461106_1.0_7843_64.491.jpg 201 77 96 16 20
2_0.9995461106_1.0_7843_64.491.jpg 201 116 96 16 20
2_0.9995461106_1.0_7843_64.491.jpg 222 95 95 19 20
2_0.9995461106_1.0_7843_64.491.jpg 193 137 90 19 25
2_0.9995461106_1.0_7843_64.491.jpg 196 179 115 -19 -26
2_0.9995461106_1.0_7843_64.491.jpg 32 67 121 49 49
2_0.9995461106_1.0_7843_64.491.jpg 2 123 121 47 51
