2_0.9995806813_else_100_2017-04-08-02-46-53_s0-9167bdf0-1bc2-11e7-b239-3566cdd6bf96.jpg 6 84 53 44 47
2_0.9995806813_else_100_2017-04-08-02-46-53_s0-9167bdf0-1bc2-11e7-b239-3566cdd6bf96.jpg 7 158 53 44 46
2_0.9995806813_else_100_2017-04-08-02-46-53_s0-9167bdf0-1bc2-11e7-b239-3566cdd6bf96.jpg 245 47 106 27 36
2_0.9995806813_else_100_2017-04-08-02-46-53_s0-9167bdf0-1bc2-11e7-b239-3566cdd6bf96.jpg 245 196 106 23 36
2_0.9995806813_else_100_2017-04-08-02-46-53_s0-9167bdf0-1bc2-11e7-b239-3566cdd6bf96.jpg 195 77 107 25 36
2_0.9995806813_else_100_2017-04-08-02-46-53_s0-9167bdf0-1bc2-11e7-b239-3566cdd6bf96.jpg 195 109 107 21 35
2_0.9995806813_else_100_2017-04-08-02-46-53_s0-9167bdf0-1bc2-11e7-b239-3566cdd6bf96.jpg 229 135 103 26 40
2_0.9995806813_else_100_2017-04-08-02-46-53_s0-9167bdf0-1bc2-11e7-b239-3566cdd6bf96.jpg 229 168 105 25 36
2_0.9995806813_else_100_2017-04-08-02-46-53_s0-9167bdf0-1bc2-11e7-b239-3566cdd6bf96.jpg 3 78 160 42 44
2_0.9995806813_else_100_2017-04-08-02-46-53_s0-9167bdf0-1bc2-11e7-b239-3566cdd6bf96.jpg 23 149 161 49 44
2_0.9995806813_else_100_2017-04-08-02-46-53_s0-9167bdf0-1bc2-11e7-b239-3566cdd6bf96.jpg 23 149 161 49 44
