2_0.9997010827_else_100_2017-04-07-19-48-42_s0-25aebbc0-1b88-11e7-b239-3566cdd6bf96.jpg 6 41 18 44 44
2_0.9997010827_else_100_2017-04-07-19-48-42_s0-25aebbc0-1b88-11e7-b239-3566cdd6bf96.jpg 22 88 20 35 41
2_0.9997010827_else_100_2017-04-07-19-48-42_s0-25aebbc0-1b88-11e7-b239-3566cdd6bf96.jpg 22 125 21 40 39
2_0.9997010827_else_100_2017-04-07-19-48-42_s0-25aebbc0-1b88-11e7-b239-3566cdd6bf96.jpg 2 163 19 42 40
2_0.9997010827_else_100_2017-04-07-19-48-42_s0-25aebbc0-1b88-11e7-b239-3566cdd6bf96.jpg 191 2 78 25 36
2_0.9997010827_else_100_2017-04-07-19-48-42_s0-25aebbc0-1b88-11e7-b239-3566cdd6bf96.jpg 198 28 81 24 33
2_0.9997010827_else_100_2017-04-07-19-48-42_s0-25aebbc0-1b88-11e7-b239-3566cdd6bf96.jpg 198 174 79 20 36
2_0.9997010827_else_100_2017-04-07-19-48-42_s0-25aebbc0-1b88-11e7-b239-3566cdd6bf96.jpg 198 219 78 25 37
2_0.9997010827_else_100_2017-04-07-19-48-42_s0-25aebbc0-1b88-11e7-b239-3566cdd6bf96.jpg 197 52 79 24 34
2_0.9997010827_else_100_2017-04-07-19-48-42_s0-25aebbc0-1b88-11e7-b239-3566cdd6bf96.jpg 190 78 80 22 34
2_0.9997010827_else_100_2017-04-07-19-48-42_s0-25aebbc0-1b88-11e7-b239-3566cdd6bf96.jpg 190 99 79 24 35
2_0.9997010827_else_100_2017-04-07-19-48-42_s0-25aebbc0-1b88-11e7-b239-3566cdd6bf96.jpg 192 125 79 23 34
2_0.9997010827_else_100_2017-04-07-19-48-42_s0-25aebbc0-1b88-11e7-b239-3566cdd6bf96.jpg 196 146 79 26 37
2_0.9997010827_else_100_2017-04-07-19-48-42_s0-25aebbc0-1b88-11e7-b239-3566cdd6bf96.jpg 196 193 76 25 40
2_0.9997010827_else_100_2017-04-07-19-48-42_s0-25aebbc0-1b88-11e7-b239-3566cdd6bf96.jpg 3 5 135 30 37
2_0.9997010827_else_100_2017-04-07-19-48-42_s0-25aebbc0-1b88-11e7-b239-3566cdd6bf96.jpg 23 35 133 43 39
2_0.9997010827_else_100_2017-04-07-19-48-42_s0-25aebbc0-1b88-11e7-b239-3566cdd6bf96.jpg 89 131 130 40 41
2_0.9997010827_else_100_2017-04-07-19-48-42_s0-25aebbc0-1b88-11e7-b239-3566cdd6bf96.jpg 25 171 131 39 41
2_0.9997010827_else_100_2017-04-07-19-48-42_s0-25aebbc0-1b88-11e7-b239-3566cdd6bf96.jpg 26 207 134 40 39
