2_0.9994474053_2_0.9982696772_100_1773_69.789.jpg 6 61 33 56 58
2_0.9994474053_2_0.9982696772_100_1773_69.789.jpg 21 145 36 54 54
2_0.9994474053_2_0.9982696772_100_1773_69.789.jpg 239 42 107 36 37
2_0.9994474053_2_0.9982696772_100_1773_69.789.jpg 239 113 108 35 35
2_0.9994474053_2_0.9982696772_100_1773_69.789.jpg 219 83 107 26 38
2_0.9994474053_2_0.9982696772_100_1773_69.789.jpg 219 152 106 27 38
2_0.9994474053_2_0.9982696772_100_1773_69.789.jpg 195 182 108 23 36
2_0.9994474053_2_0.9982696772_100_1773_69.789.jpg 190 210 108 21 36
2_0.9994474053_2_0.9982696772_100_1773_69.789.jpg 3 61 158 54 60
2_0.9994474053_2_0.9982696772_100_1773_69.789.jpg 23 148 161 54 57
