2_0.9994495511_9603.99981308_567_66.802.jpg 107 58 23 46 47
2_0.9994495511_9603.99981308_567_66.802.jpg 108 112 24 41 46
2_0.9994495511_9603.99981308_567_66.802.jpg 109 204 71 -45 -47
2_0.9994495511_9603.99981308_567_66.802.jpg 242 11 92 32 43
2_0.9994495511_9603.99981308_567_66.802.jpg 234 50 92 38 44
2_0.9994495511_9603.99981308_567_66.802.jpg 198 98 90 31 43
2_0.9994495511_9603.99981308_567_66.802.jpg 195 139 91 31 45
2_0.9994495511_9603.99981308_567_66.802.jpg 195 220 91 30 45
2_0.9994495511_9603.99981308_567_66.802.jpg 190 178 89 31 47
2_0.9994495511_9603.99981308_567_66.802.jpg 55 8 147 47 47
2_0.9994495511_9603.99981308_567_66.802.jpg 56 61 149 40 44
2_0.9994495511_9603.99981308_567_66.802.jpg 57 108 145 41 50
2_0.9994495511_9603.99981308_567_66.802.jpg 58 155 148 44 44
2_0.9994495511_9603.99981308_567_66.802.jpg 59 202 149 44 44
