2_0.9994773269_else_100_2017-04-13-20-31-44_s0-278a8070-2045-11e7-9b74-b32d98f18b62.jpg 23 41 13 24 25
2_0.9994773269_else_100_2017-04-13-20-31-44_s0-278a8070-2045-11e7-9b74-b32d98f18b62.jpg 24 65 14 25 23
2_0.9994773269_else_100_2017-04-13-20-31-44_s0-278a8070-2045-11e7-9b74-b32d98f18b62.jpg 245 17 43 14 20
2_0.9994773269_else_100_2017-04-13-20-31-44_s0-278a8070-2045-11e7-9b74-b32d98f18b62.jpg 252 33 43 13 20
2_0.9994773269_else_100_2017-04-13-20-31-44_s0-278a8070-2045-11e7-9b74-b32d98f18b62.jpg 252 47 42 13 22
2_0.9994773269_else_100_2017-04-13-20-31-44_s0-278a8070-2045-11e7-9b74-b32d98f18b62.jpg 252 62 43 15 21
2_0.9994773269_else_100_2017-04-13-20-31-44_s0-278a8070-2045-11e7-9b74-b32d98f18b62.jpg 195 91 65 -15 -23
2_0.9994773269_else_100_2017-04-13-20-31-44_s0-278a8070-2045-11e7-9b74-b32d98f18b62.jpg 190 91 42 13 22
2_0.9994773269_else_100_2017-04-13-20-31-44_s0-278a8070-2045-11e7-9b74-b32d98f18b62.jpg 101 23 71 25 24
2_0.9994773269_else_100_2017-04-13-20-31-44_s0-278a8070-2045-11e7-9b74-b32d98f18b62.jpg 102 46 70 27 24
2_0.9994773269_else_100_2017-04-13-20-31-44_s0-278a8070-2045-11e7-9b74-b32d98f18b62.jpg 43 73 68 24 28
