2_0.9995817542_3843.6782043_14990_66.5471.jpg 143 46 38 44 46
2_0.9995817542_3843.6782043_14990_66.5471.jpg 144 108 40 43 46
2_0.9995817542_3843.6782043_14990_66.5471.jpg 109 171 40 41 44
2_0.9995817542_3843.6782043_14990_66.5471.jpg 237 28 101 27 36
2_0.9995817542_3843.6782043_14990_66.5471.jpg 237 59 95 28 36
2_0.9995817542_3843.6782043_14990_66.5471.jpg 237 139 95 29 39
2_0.9995817542_3843.6782043_14990_66.5471.jpg 239 92 97 39 36
2_0.9995817542_3843.6782043_14990_66.5471.jpg 198 171 96 24 36
2_0.9995817542_3843.6782043_14990_66.5471.jpg 195 202 98 20 36
2_0.9995817542_3843.6782043_14990_66.5471.jpg 94 46 175 42 46
2_0.9995817542_3843.6782043_14990_66.5471.jpg 145 135 174 45 49
