2_0.9999302626_else_100.0_2017-04-05-23-18-48_s0-2ac27fa0-1a13-11e7-99b8-e5eb742051a5.jpg 6 61 11 60 60
2_0.9999302626_else_100.0_2017-04-05-23-18-48_s0-2ac27fa0-1a13-11e7-99b8-e5eb742051a5.jpg 6 129 9 56 60
2_0.9999302626_else_100.0_2017-04-05-23-18-48_s0-2ac27fa0-1a13-11e7-99b8-e5eb742051a5.jpg 223 3 93 51 37
2_0.9999302626_else_100.0_2017-04-05-23-18-48_s0-2ac27fa0-1a13-11e7-99b8-e5eb742051a5.jpg 192 60 82 29 48
2_0.9999302626_else_100.0_2017-04-05-23-18-48_s0-2ac27fa0-1a13-11e7-99b8-e5eb742051a5.jpg 192 97 82 30 47
2_0.9999302626_else_100.0_2017-04-05-23-18-48_s0-2ac27fa0-1a13-11e7-99b8-e5eb742051a5.jpg 195 135 80 27 49
2_0.9999302626_else_100.0_2017-04-05-23-18-48_s0-2ac27fa0-1a13-11e7-99b8-e5eb742051a5.jpg 211 169 77 34 53
2_0.9999302626_else_100.0_2017-04-05-23-18-48_s0-2ac27fa0-1a13-11e7-99b8-e5eb742051a5.jpg 211 208 77 33 53
2_0.9999302626_else_100.0_2017-04-05-23-18-48_s0-2ac27fa0-1a13-11e7-99b8-e5eb742051a5.jpg 3 25 138 57 61
2_0.9999302626_else_100.0_2017-04-05-23-18-48_s0-2ac27fa0-1a13-11e7-99b8-e5eb742051a5.jpg 23 91 140 62 59
2_0.9999302626_else_100.0_2017-04-05-23-18-48_s0-2ac27fa0-1a13-11e7-99b8-e5eb742051a5.jpg 24 156 140 60 58
2_0.9999302626_else_100.0_2017-04-05-23-18-48_s0-2ac27fa0-1a13-11e7-99b8-e5eb742051a5.jpg 24 156 140 60 58
