2_0.9995811582_2_0.9993116856_8_18075_107.704.jpg 1045 42 32 40 40
2_0.9995811582_2_0.9993116856_8_18075_107.704.jpg 2 86 33 42 39
2_0.9995811582_2_0.9993116856_8_18075_107.704.jpg 8 132 31 41 41
2_0.9995811582_2_0.9993116856_8_18075_107.704.jpg 1018 176 32 41 40
2_0.9995811582_2_0.9993116856_8_18075_107.704.jpg 225 45 90 22 36
2_0.9995811582_2_0.9993116856_8_18075_107.704.jpg 211 72 80 20 38
2_0.9995811582_2_0.9993116856_8_18075_107.704.jpg 196 100 82 24 37
2_0.9995811582_2_0.9993116856_8_18075_107.704.jpg 196 159 81 28 37
2_0.9995811582_2_0.9993116856_8_18075_107.704.jpg 190 131 83 23 35
2_0.9995811582_2_0.9993116856_8_18075_107.704.jpg 195 192 84 25 35
2_0.9995811582_2_0.9993116856_8_18075_107.704.jpg 101 36 136 41 42
2_0.9995811582_2_0.9993116856_8_18075_107.704.jpg 43 83 136 41 43
2_0.9995811582_2_0.9993116856_8_18075_107.704.jpg 47 128 135 42 42
2_0.9995811582_2_0.9993116856_8_18075_107.704.jpg 47 174 136 40 42

