2_0.9999498129_5040.99731696_18198_65.99300000021.jpg 6 61 26 55 56
2_0.9999498129_5040.99731696_18198_65.99300000021.jpg 21 122 27 53 55
2_0.9999498129_5040.99731696_18198_65.99300000021.jpg 203 16 102 31 39
2_0.9999498129_5040.99731696_18198_65.99300000021.jpg 203 51 103 33 37
2_0.9999498129_5040.99731696_18198_65.99300000021.jpg 203 88 100 34 40
2_0.9999498129_5040.99731696_18198_65.99300000021.jpg 211 128 88 31 52
2_0.9999498129_5040.99731696_18198_65.99300000021.jpg 199 163 91 35 51
2_0.9999498129_5040.99731696_18198_65.99300000021.jpg 194 207 93 34 47
2_0.9999498129_5040.99731696_18198_65.99300000021.jpg 3 40 155 54 58
2_0.9999498129_5040.99731696_18198_65.99300000021.jpg 23 99 155 61 59
2_0.9999498129_5040.99731696_18198_65.99300000021.jpg 24 164 156 56 58
