2_0.9995846152_else_100.0_2017-04-05-22-35-02_s0-0da650f0-1a0d-11e7-b239-3566cdd6bf96.jpg 3 52 32 45 44
2_0.9995846152_else_100.0_2017-04-05-22-35-02_s0-0da650f0-1a0d-11e7-b239-3566cdd6bf96.jpg 23 100 32 46 44
2_0.9995846152_else_100.0_2017-04-05-22-35-02_s0-0da650f0-1a0d-11e7-b239-3566cdd6bf96.jpg 24 150 30 46 48
2_0.9995846152_else_100.0_2017-04-05-22-35-02_s0-0da650f0-1a0d-11e7-b239-3566cdd6bf96.jpg 242 12 87 35 45
2_0.9995846152_else_100.0_2017-04-05-22-35-02_s0-0da650f0-1a0d-11e7-b239-3566cdd6bf96.jpg 237 52 87 38 46
2_0.9995846152_else_100.0_2017-04-05-22-35-02_s0-0da650f0-1a0d-11e7-b239-3566cdd6bf96.jpg 199 96 85 35 47
2_0.9995846152_else_100.0_2017-04-05-22-35-02_s0-0da650f0-1a0d-11e7-b239-3566cdd6bf96.jpg 191 139 84 20 47
2_0.9995846152_else_100.0_2017-04-05-22-35-02_s0-0da650f0-1a0d-11e7-b239-3566cdd6bf96.jpg 190 171 86 33 46
2_0.9995846152_else_100.0_2017-04-05-22-35-02_s0-0da650f0-1a0d-11e7-b239-3566cdd6bf96.jpg 195 217 85 28 45
2_0.9995846152_else_100.0_2017-04-05-22-35-02_s0-0da650f0-1a0d-11e7-b239-3566cdd6bf96.jpg 55 12 144 42 40
2_0.9995846152_else_100.0_2017-04-05-22-35-02_s0-0da650f0-1a0d-11e7-b239-3566cdd6bf96.jpg 56 63 144 34 42
2_0.9995846152_else_100.0_2017-04-05-22-35-02_s0-0da650f0-1a0d-11e7-b239-3566cdd6bf96.jpg 57 100 140 47 46
2_0.9995846152_else_100.0_2017-04-05-22-35-02_s0-0da650f0-1a0d-11e7-b239-3566cdd6bf96.jpg 58 149 141 41 43
2_0.9995846152_else_100.0_2017-04-05-22-35-02_s0-0da650f0-1a0d-11e7-b239-3566cdd6bf96.jpg 59 194 142 42 44
2_0.9995846152_else_100.0_2017-04-05-22-35-02_s0-0da650f0-1a0d-11e7-b239-3566cdd6bf96.jpg 40 36 190 46 42
2_0.9995846152_else_100.0_2017-04-05-22-35-02_s0-0da650f0-1a0d-11e7-b239-3566cdd6bf96.jpg 2 83 189 46 43
2_0.9995846152_else_100.0_2017-04-05-22-35-02_s0-0da650f0-1a0d-11e7-b239-3566cdd6bf96.jpg 29 131 187 36 47
2_0.9995846152_else_100.0_2017-04-05-22-35-02_s0-0da650f0-1a0d-11e7-b239-3566cdd6bf96.jpg 30 173 190 45 43
