2_0.9997305274_else_100.0_2017-04-05-21-59-34_s0-1966d680-1a08-11e7-a563-a3394c8f07a8.jpg 3 54 23 46 51
2_0.9997305274_else_100.0_2017-04-05-21-59-34_s0-1966d680-1a08-11e7-a563-a3394c8f07a8.jpg 23 102 27 46 45
2_0.9997305274_else_100.0_2017-04-05-21-59-34_s0-1966d680-1a08-11e7-a563-a3394c8f07a8.jpg 24 151 26 44 45
2_0.9997305274_else_100.0_2017-04-05-21-59-34_s0-1966d680-1a08-11e7-a563-a3394c8f07a8.jpg 242 18 81 30 43
2_0.9997305274_else_100.0_2017-04-05-21-59-34_s0-1966d680-1a08-11e7-a563-a3394c8f07a8.jpg 237 59 82 35 44
2_0.9997305274_else_100.0_2017-04-05-21-59-34_s0-1966d680-1a08-11e7-a563-a3394c8f07a8.jpg 199 101 81 30 44
2_0.9997305274_else_100.0_2017-04-05-21-59-34_s0-1966d680-1a08-11e7-a563-a3394c8f07a8.jpg 191 140 82 20 43
2_0.9997305274_else_100.0_2017-04-05-21-59-34_s0-1966d680-1a08-11e7-a563-a3394c8f07a8.jpg 190 171 80 31 45
2_0.9997305274_else_100.0_2017-04-05-21-59-34_s0-1966d680-1a08-11e7-a563-a3394c8f07a8.jpg 195 212 81 33 44
2_0.9997305274_else_100.0_2017-04-05-21-59-34_s0-1966d680-1a08-11e7-a563-a3394c8f07a8.jpg 55 18 134 41 43
2_0.9997305274_else_100.0_2017-04-05-21-59-34_s0-1966d680-1a08-11e7-a563-a3394c8f07a8.jpg 56 61 136 41 39
2_0.9997305274_else_100.0_2017-04-05-21-59-34_s0-1966d680-1a08-11e7-a563-a3394c8f07a8.jpg 57 104 136 42 41
2_0.9997305274_else_100.0_2017-04-05-21-59-34_s0-1966d680-1a08-11e7-a563-a3394c8f07a8.jpg 58 151 135 40 38
2_0.9997305274_else_100.0_2017-04-05-21-59-34_s0-1966d680-1a08-11e7-a563-a3394c8f07a8.jpg 59 193 136 39 41
2_0.9997305274_else_100.0_2017-04-05-21-59-34_s0-1966d680-1a08-11e7-a563-a3394c8f07a8.jpg 40 42 181 42 43
2_0.9997305274_else_100.0_2017-04-05-21-59-34_s0-1966d680-1a08-11e7-a563-a3394c8f07a8.jpg 2 84 179 44 45
2_0.9997305274_else_100.0_2017-04-05-21-59-34_s0-1966d680-1a08-11e7-a563-a3394c8f07a8.jpg 29 134 181 33 42
2_0.9997305274_else_100.0_2017-04-05-21-59-34_s0-1966d680-1a08-11e7-a563-a3394c8f07a8.jpg 30 175 183 42 40
