2_0.9997851253_else_100_2017-04-07-07-45-50_s0-2a090910-1b23-11e7-99b8-e5eb742051a5.jpg 6 65 18 43 46
2_0.9997851253_else_100_2017-04-07-07-45-50_s0-2a090910-1b23-11e7-99b8-e5eb742051a5.jpg 22 134 14 47 50
2_0.9997851253_else_100_2017-04-07-07-45-50_s0-2a090910-1b23-11e7-99b8-e5eb742051a5.jpg 214 31 115 32 36
2_0.9997851253_else_100_2017-04-07-07-45-50_s0-2a090910-1b23-11e7-99b8-e5eb742051a5.jpg 209 65 104 14 45
2_0.9997851253_else_100_2017-04-07-07-45-50_s0-2a090910-1b23-11e7-99b8-e5eb742051a5.jpg 222 78 116 30 33
2_0.9997851253_else_100_2017-04-07-07-45-50_s0-2a090910-1b23-11e7-99b8-e5eb742051a5.jpg 195 115 106 26 44
2_0.9997851253_else_100_2017-04-07-07-45-50_s0-2a090910-1b23-11e7-99b8-e5eb742051a5.jpg 198 149 106 27 44
2_0.9997851253_else_100_2017-04-07-07-45-50_s0-2a090910-1b23-11e7-99b8-e5eb742051a5.jpg 199 185 102 25 48
2_0.9997851253_else_100_2017-04-07-07-45-50_s0-2a090910-1b23-11e7-99b8-e5eb742051a5.jpg 3 67 204 40 38
2_0.9997851253_else_100_2017-04-07-07-45-50_s0-2a090910-1b23-11e7-99b8-e5eb742051a5.jpg  109 206 39 36
2_0.9997851253_else_100_2017-04-07-07-45-50_s0-2a090910-1b23-11e7-99b8-e5eb742051a5.jpg  109 206 39 36
