2_0.9994142056_else_100.0_2017-04-05-22-06-45_s0-1a427400-1a09-11e7-99b8-e5eb742051a5.jpg 3 94 82 -55 -55
2_0.9994142056_else_100.0_2017-04-05-22-06-45_s0-1a427400-1a09-11e7-99b8-e5eb742051a5.jpg 23 162 79 -64 -54
2_0.9994142056_else_100.0_2017-04-05-22-06-45_s0-1a427400-1a09-11e7-99b8-e5eb742051a5.jpg 24 217 81 -57 -57
2_0.9994142056_else_100.0_2017-04-05-22-06-45_s0-1a427400-1a09-11e7-99b8-e5eb742051a5.jpg 237 32 88 29 38
2_0.9994142056_else_100.0_2017-04-05-22-06-45_s0-1a427400-1a09-11e7-99b8-e5eb742051a5.jpg 242 67 87 32 38
2_0.9994142056_else_100.0_2017-04-05-22-06-45_s0-1a427400-1a09-11e7-99b8-e5eb742051a5.jpg 192 132 125 -29 -39
2_0.9994142056_else_100.0_2017-04-05-22-06-45_s0-1a427400-1a09-11e7-99b8-e5eb742051a5.jpg 198 169 127 -30 -42
2_0.9994142056_else_100.0_2017-04-05-22-06-45_s0-1a427400-1a09-11e7-99b8-e5eb742051a5.jpg 198 232 124 -32 -38
2_0.9994142056_else_100.0_2017-04-05-22-06-45_s0-1a427400-1a09-11e7-99b8-e5eb742051a5.jpg 191 175 86 18 37
2_0.9994142056_else_100.0_2017-04-05-22-06-45_s0-1a427400-1a09-11e7-99b8-e5eb742051a5.jpg 40 40 128 35 41
2_0.9994142056_else_100.0_2017-04-05-22-06-45_s0-1a427400-1a09-11e7-99b8-e5eb742051a5.jpg 2 128 168 -44 -40
2_0.9994142056_else_100.0_2017-04-05-22-06-45_s0-1a427400-1a09-11e7-99b8-e5eb742051a5.jpg 29 171 169 -37 -40
2_0.9994142056_else_100.0_2017-04-05-22-06-45_s0-1a427400-1a09-11e7-99b8-e5eb742051a5.jpg 30 225 168 -46 -43
2_0.9994142056_else_100.0_2017-04-05-22-06-45_s0-1a427400-1a09-11e7-99b8-e5eb742051a5.jpg 27 37 172 47 47
2_0.9994142056_else_100.0_2017-04-05-22-06-45_s0-1a427400-1a09-11e7-99b8-e5eb742051a5.jpg 28 137 219 -49 -44
2_0.9994142056_else_100.0_2017-04-05-22-06-45_s0-1a427400-1a09-11e7-99b8-e5eb742051a5.jpg 34 141 172 43 48
2_0.9994142056_else_100.0_2017-04-05-22-06-45_s0-1a427400-1a09-11e7-99b8-e5eb742051a5.jpg 228 190 179 31 37
