2_0.9997362494_else_100_2017-04-11-15-54-18_s0-10e446e0-1e8c-11e7-a563-a3394c8f07a8.jpg 118 58 16 73 79
2_0.9997362494_else_100_2017-04-11-15-54-18_s0-10e446e0-1e8c-11e7-a563-a3394c8f07a8.jpg 22 139 20 74 70
2_0.9997362494_else_100_2017-04-11-15-54-18_s0-10e446e0-1e8c-11e7-a563-a3394c8f07a8.jpg 211 55 101 19 32
2_0.9997362494_else_100_2017-04-11-15-54-18_s0-10e446e0-1e8c-11e7-a563-a3394c8f07a8.jpg 207 77 109 23 34
2_0.9997362494_else_100_2017-04-11-15-54-18_s0-10e446e0-1e8c-11e7-a563-a3394c8f07a8.jpg 207 101 109 25 34
2_0.9997362494_else_100_2017-04-11-15-54-18_s0-10e446e0-1e8c-11e7-a563-a3394c8f07a8.jpg 191 132 99 12 34
2_0.9997362494_else_100_2017-04-11-15-54-18_s0-10e446e0-1e8c-11e7-a563-a3394c8f07a8.jpg 198 153 102 21 33
2_0.9997362494_else_100_2017-04-11-15-54-18_s0-10e446e0-1e8c-11e7-a563-a3394c8f07a8.jpg 191 180 98 14 33
2_0.9997362494_else_100_2017-04-11-15-54-18_s0-10e446e0-1e8c-11e7-a563-a3394c8f07a8.jpg 192 202 101 23 32
2_0.9997362494_else_100_2017-04-11-15-54-18_s0-10e446e0-1e8c-11e7-a563-a3394c8f07a8.jpg 1110 55 146 38 42
2_0.9997362494_else_100_2017-04-11-15-54-18_s0-10e446e0-1e8c-11e7-a563-a3394c8f07a8.jpg 105 101 148 37 38
2_0.9997362494_else_100_2017-04-11-15-54-18_s0-10e446e0-1e8c-11e7-a563-a3394c8f07a8.jpg 3513 141 145 41 44
2_0.9997362494_else_100_2017-04-11-15-54-18_s0-10e446e0-1e8c-11e7-a563-a3394c8f07a8.jpg 108 186 147 40 41
