2_0.9997518659_else_100_2017-04-14-01-45-16_s0-f411c240-2070-11e7-b239-3566cdd6bf96.jpg 7 77 33 51 53
2_0.9997518659_else_100_2017-04-14-01-45-16_s0-f411c240-2070-11e7-b239-3566cdd6bf96.jpg 7 132 34 49 53
2_0.9997518659_else_100_2017-04-14-01-45-16_s0-f411c240-2070-11e7-b239-3566cdd6bf96.jpg 216 20 109 27 44
2_0.9997518659_else_100_2017-04-14-01-45-16_s0-f411c240-2070-11e7-b239-3566cdd6bf96.jpg 211 54 97 26 44
2_0.9997518659_else_100_2017-04-14-01-45-16_s0-f411c240-2070-11e7-b239-3566cdd6bf96.jpg 194 84 102 27 38
2_0.9997518659_else_100_2017-04-14-01-45-16_s0-f411c240-2070-11e7-b239-3566cdd6bf96.jpg 194 115 102 27 37
2_0.9997518659_else_100_2017-04-14-01-45-16_s0-f411c240-2070-11e7-b239-3566cdd6bf96.jpg 194 144 103 30 37
2_0.9997518659_else_100_2017-04-14-01-45-16_s0-f411c240-2070-11e7-b239-3566cdd6bf96.jpg 194 206 100 27 40
2_0.9997518659_else_100_2017-04-14-01-45-16_s0-f411c240-2070-11e7-b239-3566cdd6bf96.jpg 192 174 99 27 42
2_0.9997518659_else_100_2017-04-14-01-45-16_s0-f411c240-2070-11e7-b239-3566cdd6bf96.jpg 45 84 159 44 51
2_0.9997518659_else_100_2017-04-14-01-45-16_s0-f411c240-2070-11e7-b239-3566cdd6bf96.jpg 44 136 160 42 49
