2_0.9999161959_8099.55230713_5701_65.498.jpg 6 41 42 62 64
2_0.9999161959_8099.55230713_5701_65.498.jpg 105 152 40 60 67
2_0.9999161959_8099.55230713_5701_65.498.jpg 250 36 120 33 40
2_0.9999161959_8099.55230713_5701_65.498.jpg 250 70 121 34 38
2_0.9999161959_8099.55230713_5701_65.498.jpg 245 106 119 30 41
2_0.9999161959_8099.55230713_5701_65.498.jpg 194 136 122 33 38
2_0.9999161959_8099.55230713_5701_65.498.jpg 197 171 121 25 40
2_0.9999161959_8099.55230713_5701_65.498.jpg 192 197 120 29 41
2_0.9999161959_8099.55230713_5701_65.498.jpg 3 34 173 58 60
2_0.9999161959_8099.55230713_5701_65.498.jpg 23 100 173 61 61
2_0.9999161959_8099.55230713_5701_65.498.jpg 24 165 171 58 65
