2_0.9996734858_else_100_2017-04-13-23-42-47_s0-d7dfa670-205f-11e7-99b8-e5eb742051a5.jpg 118 57 15 71 77
2_0.9996734858_else_100_2017-04-13-23-42-47_s0-d7dfa670-205f-11e7-99b8-e5eb742051a5.jpg 22 130 15 74 74
2_0.9996734858_else_100_2017-04-13-23-42-47_s0-d7dfa670-205f-11e7-99b8-e5eb742051a5.jpg 211 34 95 27 46
2_0.9996734858_else_100_2017-04-13-23-42-47_s0-d7dfa670-205f-11e7-99b8-e5eb742051a5.jpg 208 64 93 29 49
2_0.9996734858_else_100_2017-04-13-23-42-47_s0-d7dfa670-205f-11e7-99b8-e5eb742051a5.jpg 191 99 93 20 47
2_0.9996734858_else_100_2017-04-13-23-42-47_s0-d7dfa670-205f-11e7-99b8-e5eb742051a5.jpg 193 127 94 31 47
2_0.9996734858_else_100_2017-04-13-23-42-47_s0-d7dfa670-205f-11e7-99b8-e5eb742051a5.jpg 193 159 92 33 45
2_0.9996734858_else_100_2017-04-13-23-42-47_s0-d7dfa670-205f-11e7-99b8-e5eb742051a5.jpg 190 194 95 32 45
2_0.9996734858_else_100_2017-04-13-23-42-47_s0-d7dfa670-205f-11e7-99b8-e5eb742051a5.jpg 67 27 151 47 48
2_0.9996734858_else_100_2017-04-13-23-42-47_s0-d7dfa670-205f-11e7-99b8-e5eb742051a5.jpg 2 72 149 53 51
2_0.9996734858_else_100_2017-04-13-23-42-47_s0-d7dfa670-205f-11e7-99b8-e5eb742051a5.jpg 68 125 151 48 46
2_0.9996734858_else_100_2017-04-13-23-42-47_s0-d7dfa670-205f-11e7-99b8-e5eb742051a5.jpg 69 176 150 49 49
