2_0.9998639822_else_100_2017-04-07-10-54-53_s0-93174420-1b3d-11e7-99b8-e5eb742051a5.jpg 23 49 45 38 50
2_0.9998639822_else_100_2017-04-07-10-54-53_s0-93174420-1b3d-11e7-99b8-e5eb742051a5.jpg 24 89 43 36 53
2_0.9998639822_else_100_2017-04-07-10-54-53_s0-93174420-1b3d-11e7-99b8-e5eb742051a5.jpg 112 131 44 33 52
2_0.9998639822_else_100_2017-04-07-10-54-53_s0-93174420-1b3d-11e7-99b8-e5eb742051a5.jpg 113 165 43 40 53
2_0.9998639822_else_100_2017-04-07-10-54-53_s0-93174420-1b3d-11e7-99b8-e5eb742051a5.jpg 251 33 106 33 32
2_0.9998639822_else_100_2017-04-07-10-54-53_s0-93174420-1b3d-11e7-99b8-e5eb742051a5.jpg 237 69 107 30 33
2_0.9998639822_else_100_2017-04-07-10-54-53_s0-93174420-1b3d-11e7-99b8-e5eb742051a5.jpg 193 103 106 27 35
2_0.9998639822_else_100_2017-04-07-10-54-53_s0-93174420-1b3d-11e7-99b8-e5eb742051a5.jpg 197 133 107 26 34
2_0.9998639822_else_100_2017-04-07-10-54-53_s0-93174420-1b3d-11e7-99b8-e5eb742051a5.jpg 195 164 104 25 36
2_0.9998639822_else_100_2017-04-07-10-54-53_s0-93174420-1b3d-11e7-99b8-e5eb742051a5.jpg 199 194 106 25 35
2_0.9998639822_else_100_2017-04-07-10-54-53_s0-93174420-1b3d-11e7-99b8-e5eb742051a5.jpg 107 19 157 54 52
2_0.9998639822_else_100_2017-04-07-10-54-53_s0-93174420-1b3d-11e7-99b8-e5eb742051a5.jpg 108 75 150 48 59
2_0.9998639822_else_100_2017-04-07-10-54-53_s0-93174420-1b3d-11e7-99b8-e5eb742051a5.jpg 147 130 155 49 56
2_0.9998639822_else_100_2017-04-07-10-54-53_s0-93174420-1b3d-11e7-99b8-e5eb742051a5.jpg 147 185 157 47 52
