2_0.9995040894_0_7832_64.538.jpg 45 100 42 35 35
2_0.9995040894_0_7832_64.538.jpg 44 172 76 -35 -35
2_0.9995040894_0_7832_64.538.jpg 205 61 109 21 19
2_0.9995040894_0_7832_64.538.jpg 205 80 106 21 23
2_0.9995040894_0_7832_64.538.jpg 194 105 99 17 30
2_0.9995040894_0_7832_64.538.jpg 194 145 98 21 31
2_0.9995040894_0_7832_64.538.jpg 194 165 100 21 29
2_0.9995040894_0_7832_64.538.jpg 194 188 99 22 28
2_0.9995040894_0_7832_64.538.jpg 199 125 97 18 31
2_0.9995040894_0_7832_64.538.jpg 139 59 152 37 36
2_0.9995040894_0_7832_64.538.jpg 140 136 187 -38 -34
2_0.9995040894_0_7832_64.538.jpg 141 139 152 35 35
2_0.9995040894_0_7832_64.538.jpg 142 217 187 -38 -35
