2_0.9995090961_2_0.9975078106_100_24551_91.0269999999.jpg 6 61 35 54 55
2_0.9995090961_2_0.9975078106_100_24551_91.0269999999.jpg 21 200 90 -57 -56
2_0.9995090961_2_0.9975078106_100_24551_91.0269999999.jpg 239 43 108 36 35
2_0.9995090961_2_0.9975078106_100_24551_91.0269999999.jpg 239 111 106 37 38
2_0.9995090961_2_0.9975078106_100_24551_91.0269999999.jpg 245 83 107 25 37
2_0.9995090961_2_0.9975078106_100_24551_91.0269999999.jpg 245 152 106 24 38
2_0.9995090961_2_0.9975078106_100_24551_91.0269999999.jpg 195 181 108 24 36
2_0.9995090961_2_0.9975078106_100_24551_91.0269999999.jpg 190 209 107 22 38
2_0.9995090961_2_0.9975078106_100_24551_91.0269999999.jpg 3 59 161 54 54
2_0.9995090961_2_0.9975078106_100_24551_91.0269999999.jpg 23 146 161 55 54
