2_0.9998596907_440.99987483_3302_64.24.jpg 51 35 25 56 56
2_0.9998596907_440.99987483_3302_64.24.jpg 52 95 27 48 52
2_0.9998596907_440.99987483_3302_64.24.jpg 53 156 25 47 56
2_0.9998596907_440.99987483_3302_64.24.jpg 203 7 95 36 35
2_0.9998596907_440.99987483_3302_64.24.jpg 203 42 97 34 32
2_0.9998596907_440.99987483_3302_64.24.jpg 203 80 94 33 35
2_0.9998596907_440.99987483_3302_64.24.jpg 211 118 78 27 54
2_0.9998596907_440.99987483_3302_64.24.jpg 196 154 79 34 53
2_0.9998596907_440.99987483_3302_64.24.jpg 194 190 80 39 52
2_0.9998596907_440.99987483_3302_64.24.jpg 3 40 143 52 56
2_0.9998596907_440.99987483_3302_64.24.jpg 23 93 144 60 55
2_0.9998596907_440.99987483_3302_64.24.jpg 24 158 145 49 56
