2_0.9999244213_2_0.9999796152_100_16408_82.0489999999.jpg 6 62 25 52 54
2_0.9999244213_2_0.9999796152_100_16408_82.0489999999.jpg 21 118 26 53 55
2_0.9999244213_2_0.9999796152_100_16408_82.0489999999.jpg 224 35 96 30 37
2_0.9999244213_2_0.9999796152_100_16408_82.0489999999.jpg 224 69 96 32 36
2_0.9999244213_2_0.9999796152_100_16408_82.0489999999.jpg 224 103 94 32 37
2_0.9999244213_2_0.9999796152_100_16408_82.0489999999.jpg 220 138 86 20 46
2_0.9999244213_2_0.9999796152_100_16408_82.0489999999.jpg 194 162 85 35 48
2_0.9999244213_2_0.9999796152_100_16408_82.0489999999.jpg 198 203 81 35 51
2_0.9999244213_2_0.9999796152_100_16408_82.0489999999.jpg 3 38 151 55 58
2_0.9999244213_2_0.9999796152_100_16408_82.0489999999.jpg 23 99 151 58 58
2_0.9999244213_2_0.9999796152_100_16408_82.0489999999.jpg 24 161 150 55 59
