2_0.9997152686_else_100_2017-04-07-22-26-34_s0-33ef1a20-1b9e-11e7-9b74-b32d98f18b62.jpg 6 20 15 31 35
2_0.9997152686_else_100_2017-04-07-22-26-34_s0-33ef1a20-1b9e-11e7-9b74-b32d98f18b62.jpg 22 55 16 30 32
2_0.9997152686_else_100_2017-04-07-22-26-34_s0-33ef1a20-1b9e-11e7-9b74-b32d98f18b62.jpg 222 4 55 18 19
2_0.9997152686_else_100_2017-04-07-22-26-34_s0-33ef1a20-1b9e-11e7-9b74-b32d98f18b62.jpg 201 23 54 17 20
2_0.9997152686_else_100_2017-04-07-22-26-34_s0-33ef1a20-1b9e-11e7-9b74-b32d98f18b62.jpg 201 44 54 14 19
2_0.9997152686_else_100_2017-04-07-22-26-34_s0-33ef1a20-1b9e-11e7-9b74-b32d98f18b62.jpg 191 61 46 14 26
2_0.9997152686_else_100_2017-04-07-22-26-34_s0-33ef1a20-1b9e-11e7-9b74-b32d98f18b62.jpg 196 80 46 15 27
2_0.9997152686_else_100_2017-04-07-22-26-34_s0-33ef1a20-1b9e-11e7-9b74-b32d98f18b62.jpg 199 98 45 16 28
2_0.9997152686_else_100_2017-04-07-22-26-34_s0-33ef1a20-1b9e-11e7-9b74-b32d98f18b62.jpg 3 26 76 30 30
2_0.9997152686_else_100_2017-04-07-22-26-34_s0-33ef1a20-1b9e-11e7-9b74-b32d98f18b62.jpg 3 55 73 35 32
