2_0.9996504784_else_100.0_2017-04-05-22-12-40_s0-edfa4840-1a09-11e7-99b8-e5eb742051a5.jpg 3 20 38 63 71
2_0.9996504784_else_100.0_2017-04-05-22-12-40_s0-edfa4840-1a09-11e7-99b8-e5eb742051a5.jpg 23 88 37 71 70
2_0.9996504784_else_100.0_2017-04-05-22-12-40_s0-edfa4840-1a09-11e7-99b8-e5eb742051a5.jpg 24 167 39 63 70
2_0.9996504784_else_100.0_2017-04-05-22-12-40_s0-edfa4840-1a09-11e7-99b8-e5eb742051a5.jpg 211 29 114 28 51
2_0.9996504784_else_100.0_2017-04-05-22-12-40_s0-edfa4840-1a09-11e7-99b8-e5eb742051a5.jpg 211 62 116 27 49
2_0.9996504784_else_100.0_2017-04-05-22-12-40_s0-edfa4840-1a09-11e7-99b8-e5eb742051a5.jpg 205 91 129 31 35
2_0.9996504784_else_100.0_2017-04-05-22-12-40_s0-edfa4840-1a09-11e7-99b8-e5eb742051a5.jpg 197 124 115 31 48
2_0.9996504784_else_100.0_2017-04-05-22-12-40_s0-edfa4840-1a09-11e7-99b8-e5eb742051a5.jpg 196 161 117 33 48
2_0.9996504784_else_100.0_2017-04-05-22-12-40_s0-edfa4840-1a09-11e7-99b8-e5eb742051a5.jpg 191 196 115 20 51
2_0.9996504784_else_100.0_2017-04-05-22-12-40_s0-edfa4840-1a09-11e7-99b8-e5eb742051a5.jpg 6 27 169 47 45
2_0.9996504784_else_100.0_2017-04-05-22-12-40_s0-edfa4840-1a09-11e7-99b8-e5eb742051a5.jpg 22 79 170 40 43
2_0.9996504784_else_100.0_2017-04-05-22-12-40_s0-edfa4840-1a09-11e7-99b8-e5eb742051a5.jpg 6 123 170 48 43
2_0.9996504784_else_100.0_2017-04-05-22-12-40_s0-edfa4840-1a09-11e7-99b8-e5eb742051a5.jpg 21 174 170 41 45
