2_0.9997130036_1932.24375653_12262_65.5929999999.jpg 6 59 55 44 44
2_0.9997130036_1932.24375653_12262_65.5929999999.jpg 7 132 53 46 47
2_0.9997130036_1932.24375653_12262_65.5929999999.jpg 245 24 107 24 37
2_0.9997130036_1932.24375653_12262_65.5929999999.jpg 195 54 106 22 36
2_0.9997130036_1932.24375653_12262_65.5929999999.jpg 195 80 107 25 36
2_0.9997130036_1932.24375653_12262_65.5929999999.jpg 245 174 103 22 40
2_0.9997130036_1932.24375653_12262_65.5929999999.jpg 229 112 104 25 38
2_0.9997130036_1932.24375653_12262_65.5929999999.jpg 229 143 105 25 39
2_0.9997130036_1932.24375653_12262_65.5929999999.jpg 3 49 156 47 48
2_0.9997130036_1932.24375653_12262_65.5929999999.jpg 23 128 160 41 43
