2_0.9994798303_else_100.0_2017-04-05-23-48-00_s0-3f2bbb10-1a17-11e7-99b8-e5eb742051a5.jpg 23 61 22 62 58
2_0.9994798303_else_100.0_2017-04-05-23-48-00_s0-3f2bbb10-1a17-11e7-99b8-e5eb742051a5.jpg 24 188 78 -59 -58
2_0.9994798303_else_100.0_2017-04-05-23-48-00_s0-3f2bbb10-1a17-11e7-99b8-e5eb742051a5.jpg 229 20 87 37 46
2_0.9994798303_else_100.0_2017-04-05-23-48-00_s0-3f2bbb10-1a17-11e7-99b8-e5eb742051a5.jpg 229 61 86 34 48
2_0.9994798303_else_100.0_2017-04-05-23-48-00_s0-3f2bbb10-1a17-11e7-99b8-e5eb742051a5.jpg 227 138 134 -39 -47
2_0.9994798303_else_100.0_2017-04-05-23-48-00_s0-3f2bbb10-1a17-11e7-99b8-e5eb742051a5.jpg 199 142 87 27 47
2_0.9994798303_else_100.0_2017-04-05-23-48-00_s0-3f2bbb10-1a17-11e7-99b8-e5eb742051a5.jpg 192 175 86 30 46
2_0.9994798303_else_100.0_2017-04-05-23-48-00_s0-3f2bbb10-1a17-11e7-99b8-e5eb742051a5.jpg 192 241 133 -31 -46
2_0.9994798303_else_100.0_2017-04-05-23-48-00_s0-3f2bbb10-1a17-11e7-99b8-e5eb742051a5.jpg 40 93 177 -39 -37
2_0.9994798303_else_100.0_2017-04-05-23-48-00_s0-3f2bbb10-1a17-11e7-99b8-e5eb742051a5.jpg 2 135 176 -39 -36
2_0.9994798303_else_100.0_2017-04-05-23-48-00_s0-3f2bbb10-1a17-11e7-99b8-e5eb742051a5.jpg 6 175 177 -37 -37
2_0.9994798303_else_100.0_2017-04-05-23-48-00_s0-3f2bbb10-1a17-11e7-99b8-e5eb742051a5.jpg 21 215 177 -37 -35
2_0.9994798303_else_100.0_2017-04-05-23-48-00_s0-3f2bbb10-1a17-11e7-99b8-e5eb742051a5.jpg 41 93 213 -35 -32
2_0.9994798303_else_100.0_2017-04-05-23-48-00_s0-3f2bbb10-1a17-11e7-99b8-e5eb742051a5.jpg 42 138 215 -39 -37
2_0.9994798303_else_100.0_2017-04-05-23-48-00_s0-3f2bbb10-1a17-11e7-99b8-e5eb742051a5.jpg 43 178 217 -40 -37
2_0.9994798303_else_100.0_2017-04-05-23-48-00_s0-3f2bbb10-1a17-11e7-99b8-e5eb742051a5.jpg 44 219 216 -38 -37
