2_0.9993921518_2_0.9998720884_6_28909_85.7449999999.jpg 6 47 12 24 25
2_0.9993921518_2_0.9998720884_6_28909_85.7449999999.jpg 7 70 14 29 26
2_0.9993921518_2_0.9998720884_6_28909_85.7449999999.jpg 225 14 50 14 23
2_0.9993921518_2_0.9998720884_6_28909_85.7449999999.jpg 201 28 50 16 17
2_0.9993921518_2_0.9998720884_6_28909_85.7449999999.jpg 201 44 49 13 17
2_0.9993921518_2_0.9998720884_6_28909_85.7449999999.jpg 201 56 49 16 17
2_0.9993921518_2_0.9998720884_6_28909_85.7449999999.jpg 201 73 43 15 22
2_0.9993921518_2_0.9998720884_6_28909_85.7449999999.jpg 201 87 42 18 22
2_0.9993921518_2_0.9998720884_6_28909_85.7449999999.jpg 3 29 82 24 23
2_0.9993921518_2_0.9998720884_6_28909_85.7449999999.jpg 23 51 80 29 28
2_0.9993921518_2_0.9998720884_6_28909_85.7449999999.jpg 23 67 84 0 0
