2_0.9994291663_else_100_2017-04-07-23-38-42_s0-475dba30-1ba8-11e7-b239-3566cdd6bf96.jpg 107 64 40 38 38
2_0.9994291663_else_100_2017-04-07-23-38-42_s0-475dba30-1ba8-11e7-b239-3566cdd6bf96.jpg 108 106 37 39 40
2_0.9994291663_else_100_2017-04-07-23-38-42_s0-475dba30-1ba8-11e7-b239-3566cdd6bf96.jpg 109 150 37 34 41
2_0.9994291663_else_100_2017-04-07-23-38-42_s0-475dba30-1ba8-11e7-b239-3566cdd6bf96.jpg 242 26 94 26 37
2_0.9994291663_else_100_2017-04-07-23-38-42_s0-475dba30-1ba8-11e7-b239-3566cdd6bf96.jpg 234 57 93 33 38
2_0.9994291663_else_100_2017-04-07-23-38-42_s0-475dba30-1ba8-11e7-b239-3566cdd6bf96.jpg 198 97 93 28 37
2_0.9994291663_else_100_2017-04-07-23-38-42_s0-475dba30-1ba8-11e7-b239-3566cdd6bf96.jpg 195 133 93 22 37
2_0.9994291663_else_100_2017-04-07-23-38-42_s0-475dba30-1ba8-11e7-b239-3566cdd6bf96.jpg 195 199 93 24 36
2_0.9994291663_else_100_2017-04-07-23-38-42_s0-475dba30-1ba8-11e7-b239-3566cdd6bf96.jpg 190 160 93 29 37
2_0.9994291663_else_100_2017-04-07-23-38-42_s0-475dba30-1ba8-11e7-b239-3566cdd6bf96.jpg 55 25 138 38 39
2_0.9994291663_else_100_2017-04-07-23-38-42_s0-475dba30-1ba8-11e7-b239-3566cdd6bf96.jpg 56 102 178 -35 -39
2_0.9994291663_else_100_2017-04-07-23-38-42_s0-475dba30-1ba8-11e7-b239-3566cdd6bf96.jpg 57 106 138 33 38
2_0.9994291663_else_100_2017-04-07-23-38-42_s0-475dba30-1ba8-11e7-b239-3566cdd6bf96.jpg 58 147 139 34 36
2_0.9994291663_else_100_2017-04-07-23-38-42_s0-475dba30-1ba8-11e7-b239-3566cdd6bf96.jpg 59 221 174 -39 -37
