2_0.9995111227_64.0_15018_65.17000000011.jpg 6 57 30 57 59
2_0.9995111227_64.0_15018_65.17000000011.jpg 22 119 30 53 55
2_0.9995111227_64.0_15018_65.17000000011.jpg 201 73 116 -21 -21
2_0.9995111227_64.0_15018_65.17000000011.jpg 201 74 94 19 21
2_0.9995111227_64.0_15018_65.17000000011.jpg 201 114 94 18 21
2_0.9995111227_64.0_15018_65.17000000011.jpg 222 94 95 18 20
2_0.9995111227_64.0_15018_65.17000000011.jpg 193 137 87 17 29
2_0.9995111227_64.0_15018_65.17000000011.jpg 196 158 89 22 26
2_0.9995111227_64.0_15018_65.17000000011.jpg 32 68 120 49 50
2_0.9995111227_64.0_15018_65.17000000011.jpg 2 122 121 47 49
2_0.9995111227_64.0_15018_65.17000000011.jpg 2 122 121 47 49
