2_0.9996342659_12_32700_64.9390000003.jpg 118 68 28 59 68
2_0.9996342659_12_32700_64.9390000003.jpg 21 133 32 65 65
2_0.9996342659_12_32700_64.9390000003.jpg 211 58 97 25 36
2_0.9996342659_12_32700_64.9390000003.jpg 211 135 99 22 31
2_0.9996342659_12_32700_64.9390000003.jpg 208 85 99 21 31
2_0.9996342659_12_32700_64.9390000003.jpg 208 109 98 21 35
2_0.9996342659_12_32700_64.9390000003.jpg 193 157 98 24 33
2_0.9996342659_12_32700_64.9390000003.jpg 190 183 98 22 34
2_0.9996342659_12_32700_64.9390000003.jpg 67 62 147 31 34
2_0.9996342659_12_32700_64.9390000003.jpg 2 132 180 -37 -33
2_0.9996342659_12_32700_64.9390000003.jpg 68 134 146 34 35
2_0.9996342659_12_32700_64.9390000003.jpg 69 172 148 33 35
