2_0.9994857311_else_100_2017-04-12-22-17-07_s0-b5f30500-1f8a-11e7-9b74-b32d98f18b62.jpg 6 120 87 -59 -58
2_0.9994857311_else_100_2017-04-12-22-17-07_s0-b5f30500-1f8a-11e7-9b74-b32d98f18b62.jpg 21 124 30 54 57
2_0.9994857311_else_100_2017-04-12-22-17-07_s0-b5f30500-1f8a-11e7-9b74-b32d98f18b62.jpg 207 31 117 24 38
2_0.9994857311_else_100_2017-04-12-22-17-07_s0-b5f30500-1f8a-11e7-9b74-b32d98f18b62.jpg 207 62 117 24 36
2_0.9994857311_else_100_2017-04-12-22-17-07_s0-b5f30500-1f8a-11e7-9b74-b32d98f18b62.jpg 196 90 104 24 38
2_0.9994857311_else_100_2017-04-12-22-17-07_s0-b5f30500-1f8a-11e7-9b74-b32d98f18b62.jpg 196 202 108 26 35
2_0.9994857311_else_100_2017-04-12-22-17-07_s0-b5f30500-1f8a-11e7-9b74-b32d98f18b62.jpg 194 119 104 25 38
2_0.9994857311_else_100_2017-04-12-22-17-07_s0-b5f30500-1f8a-11e7-9b74-b32d98f18b62.jpg 194 147 105 25 38
2_0.9994857311_else_100_2017-04-12-22-17-07_s0-b5f30500-1f8a-11e7-9b74-b32d98f18b62.jpg 194 172 105 29 38
2_0.9994857311_else_100_2017-04-12-22-17-07_s0-b5f30500-1f8a-11e7-9b74-b32d98f18b62.jpg 45 74 161 50 56
2_0.9994857311_else_100_2017-04-12-22-17-07_s0-b5f30500-1f8a-11e7-9b74-b32d98f18b62.jpg 44 137 162 45 56
