5_5330_190.848.jpg 23 53 7 71 66
5_5330_190.848.jpg 24 125 6 71 68
5_5330_190.848.jpg 229 4 85 39 48
5_5330_190.848.jpg 229 49 85 40 51
5_5330_190.848.jpg 228 95 85 33 50
5_5330_190.848.jpg 197 134 85 31 50
5_5330_190.848.jpg 192 175 84 30 51
5_5330_190.848.jpg 190 211 85 34 49
5_5330_190.848.jpg 40 46 143 40 37
5_5330_190.848.jpg 2 91 143 44 40
5_5330_190.848.jpg 6 138 143 45 42
5_5330_190.848.jpg 21 185 144 42 41
5_5330_190.848.jpg 41 47 188 43 37
5_5330_190.848.jpg 42 138 228 -44 -43
5_5330_190.848.jpg 43 140 187 45 43
5_5330_190.848.jpg 44 190 188 40 42
